t = 0
b = 227 227 227
E = 0 0 0
63.475990295410156 60.51153564453125 68.24940490722656 0.6419890974607942 0.76296346799558 -0.07574130475264239 -0.055228993435747074 -0.05251185898105341 -0.99709190296102 0 0 0 0 0 0
63.281944274902344 60.76115417480469 67.7335433959961 0.9488136659393904 0.3080378069136829 0.06975196655624386 0.06802231950778335 0.016363380934945434 -0.9975495996757049 0 0 0 0 0 0
63.408966064453125 61.22998809814453 67.35273742675781 0.8961713991903714 -0.44305981551118734 0.023975469804880214 0.12912207205646528 0.20871522225654848 -0.9694150022081589 0 0 0 0 0 0
63.55891418457031 61.415794372558594 66.86426544189453 0.635992970810719 -0.767086411561141 0.08421032168094184 0.29775096869999246 0.143252356284953 -0.9438342667317314 0 0 0 0 0 0
63.986534118652344 61.564666748046875 66.48245239257812 -0.05598082072192514 -0.998060785661389 0.0272179322556004 0.16599334199332244 -0.03618487257921778 -0.9854627671354782 0 0 0 0 0 0
64.30523681640625 61.41985321044922 66.07317352294922 -0.5557272880409306 -0.8313593253651855 0.0029754755949473223 0.2289547269023599 -0.15648487201895067 -0.9607768824541308 0 0 0 0 0 0
64.52182006835938 61.06413269042969 65.6779556274414 -0.9651586688383046 -0.24404579201980373 0.09439489055928164 -0.01548586095331262 -0.306840616733323 -0.9516349216129307 0 0 0 0 0 0
64.55436706542969 60.720252990722656 65.27627563476562 -0.9395556508443558 0.3364356907276409 0.06360978675529692 -0.1283450264537747 -0.17382258810073103 -0.9763776226699094 0 0 0 0 0 0
64.35381317138672 60.41692352294922 64.9205551147461 -0.5816439743563787 0.8109255685763501 -0.06395318071870595 -0.13859467090778138 -0.176264628285294 -0.9745369659542993 0 0 0 0 0 0
63.96913146972656 60.34331512451172 64.54682922363281 0.1823626585525516 0.9757098418842984 -0.12138436973417409 -0.010314948075068182 -0.1215492364725374 -0.9925318055151442 0 0 0 0 0 0
63.79460906982422 60.39995574951172 64.05149841308594 0.46065680092618716 0.8875723484793572 0.0032615909139547443 -0.12428375271322221 0.06814184605431588 -0.9899041557786434 0 0 0 0 0 0
63.540061950683594 60.610748291015625 63.71866989135742 0.89416421804908 0.4459567743644526 -0.03991123349547141 -0.09132813518157037 0.0943967737163272 -0.9913366838951363 0 0 0 0 0 0
63.48780822753906 60.99708557128906 63.26753234863281 0.9863990806095211 -0.16428063697131046 0.005359672470560575 -0.0046393752374242776 -0.060421592756553386 -0.9981621648440537 0 0 0 0 0 0
63.624244689941406 61.250633239746094 62.813297271728516 0.6998239683458688 -0.7106004678175489 0.07275567652163518 0.06540542869482198 -0.037680560556352806 -0.9971470830591672 0 0 0 0 0 0
63.915611267089844 61.39501190185547 62.41591262817383 0.049829918606823814 -0.9957019104428798 0.07806846195511191 0.06959152379745646 -0.07451415635871526 -0.9947887516039258 0 0 0 0 0 0
64.28478240966797 61.172813415527344 62.01432800292969 -0.6997193394568079 -0.7100763682512755 0.07864093871011091 -0.14880475012490657 0.037194864318847144 -0.9881668322750804 0 0 0 0 0 0
64.67936706542969 62.606048583984375 61.44498062133789 -0.015220651138915818 0.7805065980646293 0.6249622245836036 0.9841664215273744 -0.0986945670664244 0.147227161792834 0 0 0 0 0 0
65.24054718017578 62.771636962890625 61.40360641479492 -0.27971335392686114 0.22117668272321048 0.9342597682949547 0.958184410635833 0.0031343907922058664 0.28613425312049473 0 0 0 0 0 0
65.67178344726562 63.03440856933594 61.55654525756836 -0.34864458542674953 -0.545292414944217 0.7623012103210343 0.9342446410429273 -0.13705376395101632 0.3292464372919335 0 0 0 0 0 0
66.0771255493164 63.16626739501953 62.00007629394531 -0.3972221830105226 -0.8854243820087621 0.24132592291081517 0.8425465599575869 -0.2476146867827215 0.4783327933490777 0 0 0 0 0 0
66.20507049560547 63.110687255859375 62.49112319946289 -0.009727649996661997 -0.9560563302601686 -0.29302161387003905 0.736773402091326 -0.20497457597706786 0.6443216410875817 0 0 0 0 0 0
66.39218139648438 62.85088348388672 62.92808151245117 0.0852210610472921 -0.7453218848442226 -0.6612357058766783 0.5572068253285039 -0.5145180379947554 0.6517604946491908 0 0 0 0 0 0
66.46595764160156 62.39812469482422 63.22407531738281 0.4933522932969243 -0.11283817239405414 -0.8624796006569868 0.7766121120162052 -0.38944199356708775 0.49518538055582956 0 0 0 0 0 0
66.6747817993164 61.97510528564453 63.36220169067383 0.6801522006632047 0.4163235672305945 -0.6033802045985535 0.72575720490534 -0.49839295923011784 0.4742161297529159 0 0 0 0 0 0
67.10990142822266 61.544769287109375 63.332828521728516 0.474798973230826 0.8307313092072227 -0.2906052768306297 0.8565810848296268 -0.36037886686985315 0.3693181791161928 0 0 0 0 0 0
67.51887512207031 61.29729461669922 63.20047378540039 0.35512826002723863 0.9203885379243998 0.16361191334194386 0.8813487701064683 -0.3879911033914394 0.2696057290209342 0 0 0 0 0 0
68.08031463623047 61.175071716308594 63.1459846496582 -0.061473570850069735 0.8423767473140955 0.5353712876793694 0.8963296610867724 -0.18938501537581698 0.40090703985733817 0 0 0 0 0 0
68.64868927001953 61.218589782714844 63.20946502685547 -0.469667158002602 0.4894273584448817 0.7347609281252127 0.8169715099575424 -0.07450465108100052 0.5718449168131091 0 0 0 0 0 0
69.04661560058594 61.58434295654297 63.3481330871582 -0.6392269135718437 -0.13881641931658048 0.7563854537823542 0.7530290188610773 0.08653621597932099 0.6522720138692936 0 0 0 0 0 0
69.33382415771484 61.864959716796875 63.70790481567383 -0.3966743909149675 -0.7804550044457681 0.4832591578312773 0.86048298656539 -0.13278136295534282 0.4918720763402088 0 0 0 0 0 0
69.50729370117188 61.982200622558594 64.19140625 -0.14209992489502446 -0.9834649969815242 0.1122684775747804 0.8596340433320978 -0.0663785478023178 0.5065799047891303 0 0 0 0 0 0
69.62837982177734 61.881507873535156 64.70819091796875 0.2625808153625643 -0.7961155831505362 -0.545207569342551 0.8028335250539468 -0.13318597343115895 0.581136668547639 0 0 0 0 0 0
69.87177276611328 61.52271270751953 65.12870788574219 0.40506472098702107 -0.34086319295376244 -0.8483718851429914 0.8199036771050722 -0.2751740273387429 0.5020330815272621 0 0 0 0 0 0
70.2687759399414 61.15887451171875 65.25623321533203 0.36813334724356916 0.37864272366609686 -0.8491805028743685 0.9232795726818391 -0.25662482893508803 0.28582954333392047 0 0 0 0 0 0
69.51468658447266 60.641693115234375 66.54010009765625 0.11934349312323014 0.04797009512624641 0.9916935013514631 -0.6786590961155978 0.7329979283313988 0.046215455439036573 0 0 0 0 0 0
69.04522705078125 60.64818572998047 66.77422332763672 0.5018558252716289 0.5776148454137279 0.6438181583324655 -0.7866505153393976 0.6142685301698421 0.06208977016580457 0 0 0 0 0 0
68.67406463623047 60.892356872558594 67.0936279296875 0.7314149210451703 0.6772650016030434 0.07965130806281145 -0.6816917518169565 0.723047130027873 0.11179983570285343 0 0 0 0 0 0
68.4591064453125 61.18345642089844 67.45311737060547 0.5085767156648889 0.6837289801394867 -0.5233205575944178 -0.7984869274541635 0.601921748992312 0.010432390658220356 0 0 0 0 0 0
68.16999053955078 61.646209716796875 67.61859130859375 0.39385327790542 0.34059944711884765 -0.8537397800884595 -0.7725476217982801 0.6259305781501641 -0.10668216060065248 0 0 0 0 0 0
67.93470001220703 62.17938995361328 67.61163330078125 0.14099276923480597 -0.24259835388223716 -0.9598265873151929 -0.7910855880010413 0.5553023765556554 -0.2565596676188363 0 0 0 0 0 0
67.75740051269531 62.67857360839844 67.34749603271484 -0.05657138567276966 -0.6807830306197463 -0.7302972980528245 -0.7818876079699677 0.4850682371838134 -0.39161278551445405 0 0 0 0 0 0
67.56241607666016 62.96758270263672 66.847412109375 -0.3965744579160514 -0.9156956112972158 -0.06504034732078373 -0.8381208049668406 0.3900624535785256 -0.38131981143134436 0 0 0 0 0 0
60.531715393066406 66.91935729980469 61.16926193237305 -0.3719099291483714 0.14190521938888573 -0.917358116174401 0.13407498205450483 -0.9696718809927977 -0.2043534741544021 0 0 0 0 0 0
60.29902648925781 66.46162414550781 61.08761978149414 0.3321081241511526 0.23717921685157262 -0.9129349445423138 0.25525407940145045 -0.9543554889419239 -0.15508370538305966 0 0 0 0 0 0
60.30651092529297 65.95985412597656 60.71808624267578 0.7648515933229502 0.5226549466392888 -0.3766083468868242 0.4822104842794254 -0.852143977630785 -0.20328229199462192 0 0 0 0 0 0
60.4720458984375 65.59626770019531 60.346858978271484 0.8180774685525717 0.5391289017767595 0.20022308237463854 0.5684668671874518 -0.8107978651344628 -0.13947129741807723 0 0 0 0 0 0
60.84166717529297 65.42383575439453 60.0390739440918 0.5302116103785038 0.3047410209014086 0.7912070262578569 0.6432385814626376 -0.752531901651134 -0.1412085844248214 0 0 0 0 0 0
61.28009033203125 65.29087829589844 59.84272003173828 0.13284698990658766 0.10339749207230606 0.9857284798086724 0.7743321383854235 -0.6316311796569426 -0.03810239295158113 0 0 0 0 0 0
61.73762512207031 65.12032318115234 59.86421585083008 -0.23800019463347719 -0.16983120155605713 0.9563018719695434 0.8044674361001144 -0.5861691955253594 0.09611357069457847 0 0 0 0 0 0
62.15943145751953 65.05873107910156 60.018470764160156 -0.5014903792643439 -0.5262854765542555 0.6866811462923418 0.8233695444245908 -0.534031428969279 0.19202350425682785 0 0 0 0 0 0
62.51971435546875 64.9405517578125 60.346832275390625 -0.5970054132055407 -0.7601302449635122 0.25648888337507414 0.7966578984968752 -0.5240952042133159 0.3010986710086008 0 0 0 0 0 0
62.72638702392578 64.71011352539062 60.71416091918945 -0.2996867346384744 -0.8738256348009438 -0.3829054988459377 0.6612298919222681 -0.47956231026037865 0.5768838883225931 0 0 0 0 0 0
62.79302215576172 64.36915588378906 61.066246032714844 -0.06590849396367092 -0.7024199413109851 -0.7087046609640105 0.49866258818794307 -0.6383829870436138 0.586346983444935 0 0 0 0 0 0
62.84764099121094 63.960365295410156 61.46813201904297 0.2840320194101873 -0.47050343181079807 -0.8354354149807348 0.4481341318430632 -0.7051522571777216 0.549487119116025 0 0 0 0 0 0
62.92543029785156 63.49229431152344 61.64838790893555 0.653342955920604 0.11478419772085581 -0.7483098087707438 0.6500206065283827 -0.5917565267695303 0.4767571961849511 0 0 0 0 0 0
63.22211456298828 63.09562683105469 61.654205322265625 0.724860751977929 0.5455791426994009 -0.42061893596624733 0.6840674124008097 -0.6421989132601224 0.34587907005018176 0 0 0 0 0 0
63.617774963378906 62.76519775390625 61.60117721557617 0.5242756265970531 0.8463749315232098 0.09372589100856457 0.7881616296070387 -0.523971831156469 0.3228850658821399 0 0 0 0 0 0
64.14228820800781 62.679100036621094 61.45359420776367 0.21034470328900065 0.7286151310881235 0.651824436905904 0.8833337253655288 -0.42733627946133806 0.19262718885971977 0 0 0 0 0 0
64.28763580322266 61.04950714111328 61.48237228393555 -0.69621846150232 -0.6663113181228987 0.2670376026043294 -0.057221503677826545 -0.31930733242159887 -0.9459220512170393 0 0 0 0 0 0
64.35265350341797 60.62994384765625 61.04214096069336 -0.9740520954020715 -0.04821766249598944 0.22112795496331233 -0.18259858264731996 -0.4098310681285042 -0.8936980772116718 0 0 0 0 0 0
64.20630645751953 60.172157287597656 60.7780647277832 -0.8360046565107524 0.5487088205359584 -0.0038528636592138348 -0.31986957661381615 -0.4930296504816416 -0.8090767687326392 0 0 0 0 0 0
63.828338623046875 59.85187530517578 60.497108459472656 -0.3936074397587941 0.8994234695450146 -0.19002790794547844 -0.37789300715941276 -0.3467485920754019 -0.858465077352447 0 0 0 0 0 0
63.39092254638672 59.726768493652344 60.201133728027344 0.2542532526933585 0.9107530804842593 -0.3253983864177567 -0.2504580981230732 -0.2629723373448388 -0.9317275840480228 0 0 0 0 0 0
63.04920196533203 59.81346893310547 59.733154296875 0.744813550323995 0.640643222788572 -0.18662539041844656 -0.09278853660429537 -0.17752878783920853 -0.9797315024858468 0 0 0 0 0 0
62.83354949951172 59.94120788574219 59.299293518066406 0.9278938023502629 0.3434552699244824 -0.14509158873302258 -0.1917080281604192 0.10572832265281547 -0.9757405155715664 0 0 0 0 0 0
62.76158142089844 60.29497528076172 58.85120391845703 0.9373634627261511 -0.34677746473815285 -0.03309272874543178 -0.007262231498023 0.07552390985884418 -0.9971175452439408 0 0 0 0 0 0
62.8245849609375 60.51063537597656 58.406917572021484 0.682200282337688 -0.7248586618673664 0.09582637994952105 0.2446702661528121 0.10281185910391086 -0.9641401259611125 0 0 0 0 0 0
63.206809997558594 60.58812713623047 58.04466247558594 -0.035982245810373056 -0.9938462232681147 0.10476145513568724 -0.028402467831827826 -0.10376998098798687 -0.994195700486989 0 0 0 0 0 0
63.452178955078125 60.48914337158203 57.570396423339844 -0.35780110267741777 -0.9285967633589255 0.09841962203824701 0.10009812300611215 -0.1429305852186963 -0.9846579170349947 0 0 0 0 0 0
63.77141571044922 60.27528381347656 57.21872329711914 -0.8932000061949935 -0.4488745117029431 -0.026559775539489603 0.08540084816453396 -0.11135200764972293 -0.990104754824031 0 0 0 0 0 0
63.75990295410156 59.963096618652344 56.765625 -0.9884346137778683 0.14930708006470458 0.026540725844409356 -0.05110661224530413 -0.16319233910882697 -0.9852696963984013 0 0 0 0 0 0
63.66107177734375 59.698394775390625 56.32444763183594 -0.7429611162962736 0.6657419884013898 0.06925593513309208 -0.07012987591478978 0.025474008352568724 -0.9972125527702856 0 0 0 0 0 0
63.477928161621094 59.613731384277344 55.77357864379883 -0.41232943499601515 0.8810399325254848 0.2318470925661052 -0.3124299216542833 0.10230634352252779 -0.94441566914688 0 0 0 0 0 0
62.985023498535156 59.6087646484375 55.51896286010742 0.2797156196195617 0.9574609392200993 -0.07090643136281763 -0.2564711579351203 0.003347034634783297 -0.9665460891786652 0 0 0 0 0 0
62.65009307861328 59.68488311767578 55.069908142089844 0.6767455164927008 0.7324590999225696 0.07429113572726444 -0.12875664733576206 0.21710565276841925 -0.9676191716284113 0 0 0 0 0 0
62.473655700683594 60.02288055419922 54.76649475097656 0.9941040069191234 -0.09845767675661729 -0.0454236647028059 -0.051242461736861 -0.05739861590953208 -0.9970354101067909 0 0 0 0 0 0
61.20435333251953 60.445030212402344 54.50680160522461 -0.8386596297696414 -0.2752298944183745 0.4699984368198457 0.1977584697829035 0.6501600254167692 0.7336099297168698 0 0 0 0 0 0
60.98753356933594 60.81910705566406 54.773555755615234 -0.2522104305705299 -0.7015657609653807 0.666479843470524 0.10926688705000269 0.6636930761459742 0.7399812484585649 0 0 0 0 0 0
60.62300109863281 61.03013610839844 55.199031829833984 0.2031310037952597 -0.8287172754835904 0.5215030897436611 0.024764929032075833 0.5367850349427001 0.8433555149233332 0 0 0 0 0 0
60.420745849609375 61.09449005126953 55.686702728271484 0.8446240225098918 -0.4723043233230193 0.2520692102768501 0.007560396763113255 0.4813166456816685 0.876514190980689 0 0 0 0 0 0
60.41869354248047 61.07426452636719 56.18949508666992 0.985729614544888 -0.11024607531094142 -0.12721214520524635 0.16075670500814304 0.39229079494248353 0.9056849419076809 0 0 0 0 0 0
60.663841247558594 60.80036926269531 56.646751403808594 0.8983298641505053 0.3192925798522115 -0.30175437631731855 0.2555527142779669 0.1789116258117894 0.9500965426600321 0 0 0 0 0 0
60.936668395996094 60.73413848876953 57.131099700927734 0.3754794429896298 0.8553095937206121 -0.3570163676663563 0.23650979489764334 0.2840270180593501 0.9291887698039557 0 0 0 0 0 0
61.31901550292969 60.8323974609375 57.49610137939453 -0.20069322704252954 0.9296700797642968 -0.3089268059108848 0.3305459721265834 0.3611112916775892 0.8719736207786537 0 0 0 0 0 0
61.70637512207031 61.14006805419922 57.715126037597656 -0.6842160679562617 0.6998180177120172 -0.2051904345628596 0.34681109025313844 0.5597456101343334 0.752600106040899 0 0 0 0 0 0
61.93633270263672 61.59222412109375 57.91360855102539 -0.9658792914316641 0.24152704319508614 0.0934980309359798 0.22878598016040827 0.6264924803391065 0.7450933816378963 0 0 0 0 0 0
61.97383117675781 62.08348846435547 58.141109466552734 -0.8304734626530185 -0.4582185633489382 0.3167800120454895 0.1052628033225813 0.4293371252223989 0.8969890607707753 0 0 0 0 0 0
61.74407958984375 62.43299865722656 58.476837158203125 -0.4399071110234294 -0.8062102703715459 0.39560931942821975 -0.07265637337368083 0.4710308399077554 0.8791194453906583 0 0 0 0 0 0
61.46681213378906 62.659217834472656 58.937232971191406 0.0962260644998194 -0.9553941666592575 0.27921771223247893 -0.052876468886394634 0.27521679353630557 0.9599269740942281 0 0 0 0 0 0
61.30876922607422 62.699317932128906 59.49020767211914 0.5067303925830293 -0.8587160388632725 0.07636146823902426 -0.0029824639391896304 0.08682896255411648 0.9962187692322542 0 0 0 0 0 0
61.13268280029297 62.45182800292969 59.922035217285156 0.9613499082247172 -0.2562162873930127 -0.10079468255254788 0.09142002410207341 -0.048271594596193096 0.994641760810553 0 0 0 0 0 0
61.237525939941406 62.03779602050781 60.320533752441406 0.9111479304445745 0.3977617530142591 -0.10768025206876378 0.09919306573851593 0.04192085108294222 0.9941847805885364 0 0 0 0 0 0
61.429168701171875 61.85309600830078 60.731666564941406 0.5853450046322426 0.8038504096003735 -0.10580994536144435 0.08339599487778453 0.07011824742529661 0.9940465479122946 0 0 0 0 0 0
61.817665100097656 61.837928771972656 61.107215881347656 -0.05741067970414589 0.9983164074400996 0.008268282276327987 0.2441904716601475 0.006011436877811193 0.9697086553068706 0 0 0 0 0 0
62.10087585449219 61.97425842285156 61.49716567993164 -0.5684080175850426 0.8220468155396714 -0.033931675557323265 -0.001286820669164548 0.04035362578488987 0.9991846320768643 0 0 0 0 0 0
62.157676696777344 62.21141815185547 61.95582962036133 -0.8649194696705562 0.47694833745522147 -0.15631568821939804 -0.07458856499376941 0.18584062164111081 0.9797447674370177 0 0 0 0 0 0
62.13714599609375 62.50617980957031 62.468048095703125 -0.9439038805969142 -0.1712218140987411 -0.28236245248053504 -0.2985460097853809 0.07705237027630417 0.9512797760259759 0 0 0 0 0 0
61.81517028808594 62.82256317138672 62.79560852050781 -0.5921473861846026 -0.7567874762942943 -0.2768288076751698 -0.3145239295760261 -0.09922917919558782 0.9440488693495824 0 0 0 0 0 0
61.39556121826172 62.94294738769531 63.07890319824219 0.006713796636280319 -0.9995546207980296 -0.029077224352299282 -0.393822767364878 -0.029370868323112226 0.9187170293398376 0 0 0 0 0 0
61.73700714111328 64.12049865722656 64.06217193603516 0.5929864432263752 0.8019145068835548 -0.07280248484384284 -0.7979883540104773 0.5731754469746259 -0.18623773476147967 0 0 0 0 0 0
61.45488739013672 64.53002166748047 64.24449920654297 0.5910141649250844 0.5221966632453031 -0.6148275382197649 -0.7476739135097232 0.6407219437547538 -0.17452538453813865 0 0 0 0 0 0
61.33881378173828 65.07098388671875 64.3017807006836 0.3080535611778288 0.0006294203156998545 -0.95136880718033 -0.5226307368141287 0.835706776587134 -0.16867512117518457 0 0 0 0 0 0
61.321929931640625 65.54117584228516 64.19244384765625 -0.1714920670813109 -0.4169521283947788 -0.8926037158533696 -0.6079710636060166 0.7577182122878753 -0.23713771649620727 0 0 0 0 0 0
61.28656005859375 65.99413299560547 63.88692855834961 -0.5358905368443467 -0.696432629975713 -0.47728704615334955 -0.6542264516187412 0.6998684149301863 -0.2866565048720501 0 0 0 0 0 0
61.00330352783203 66.26359558105469 63.4276008605957 -0.6065525414308819 -0.7757143442028228 0.17424485840828344 -0.7929718306605378 0.5744531757197145 -0.20297592143998314 0 0 0 0 0 0
60.62825012207031 66.30085754394531 63.04951477050781 -0.4741091050696562 -0.5105012751816128 0.7173625335407453 -0.8478255569161262 0.48448777325094583 -0.2155537580516766 0 0 0 0 0 0
60.18719482421875 66.2110824584961 62.84224319458008 -0.2150532211996687 0.07436740660377013 0.9737667076290275 -0.8817464720923721 0.4138765906839194 -0.22633896402632725 0 0 0 0 0 0
59.70204162597656 66.11260986328125 62.76141357421875 0.13000516442123208 0.6381239408563293 0.7588784443702408 -0.8799480224197526 0.42697498861066707 -0.20828787036332078 0 0 0 0 0 0
59.17921447753906 66.28508758544922 62.95659637451172 0.5286449624694902 0.760122638343705 0.3778201666574144 -0.7898860382114681 0.6034981674348473 -0.10894956879846977 0 0 0 0 0 0
58.79346466064453 66.6060791015625 63.061805725097656 0.7484053708043286 0.6610297399450944 -0.05412101125585612 -0.6465746303279474 0.745343552775501 0.16249380219649037 0 0 0 0 0 0
58.52196502685547 67.04238891601562 63.31834030151367 0.6897035833146012 0.44109748528023973 -0.574231639360326 -0.4784665261498223 0.8728631351704628 0.09581091072791295 0 0 0 0 0 0
58.59306335449219 67.43582153320312 63.58530807495117 0.148926543320856 0.3233926155231959 -0.9344720974537268 -0.470322157736676 0.8544415290325627 0.22074134503172152 0 0 0 0 0 0
58.69432067871094 67.93523406982422 63.62260818481445 -0.4058844526606773 -0.07722867240709974 -0.9106555568636141 -0.37973133708623175 0.9205926652568647 0.0911770602178254 0 0 0 0 0 0
58.61882781982422 68.44517517089844 63.45514678955078 -0.534089214250955 -0.3622773564560617 -0.7638742227749312 -0.4218342024069336 0.8972207750023707 -0.13057866052250525 0 0 0 0 0 0
58.56177520751953 68.77525329589844 63.12678527832031 -0.9397454309661409 -0.30696697718630145 -0.15049850462834047 -0.23848453501862238 0.9040275287045488 -0.3547666189219296 0 0 0 0 0 0
58.45903778076172 69.1221694946289 62.676414489746094 -0.9366768956084891 -0.22617268989646427 0.26736175414266217 -0.32270017009824453 0.8539909839259379 -0.4081225301202724 0 0 0 0 0 0
58.16358184814453 69.40908813476562 62.35268020629883 -0.6616424043669242 -0.18974368354931426 0.7254148215308901 -0.5942455295512574 0.7226909139237029 -0.3529732192964062 0 0 0 0 0 0
57.665199279785156 69.54946899414062 62.140933990478516 -0.04514713876781794 0.19819345962669885 0.9791226115366142 -0.4742079647631946 0.8584045041527585 -0.19562339687625738 0 0 0 0 0 0
57.79557800292969 69.18639373779297 60.58066940307617 0.6409636433559877 0.24402585487565856 -0.7277478890714986 0.4750211769240678 -0.8708543514487994 0.126362890265951 0 0 0 0 0 0
58.04893493652344 68.7264404296875 60.40138626098633 0.7390554711686412 0.6078272046798744 -0.29041883511016936 0.6159510845070293 -0.7842993520216278 -0.07401883485349692 0 0 0 0 0 0
58.301788330078125 68.39673614501953 60.083072662353516 0.727420829839625 0.5567330904134672 0.40113240003034123 0.6634218773215396 -0.7199415196171842 -0.20385195859364208 0 0 0 0 0 0
58.731468200683594 68.17386627197266 59.89058303833008 0.4548647952801991 0.431213656981497 0.7792001026997791 0.7122409443311669 -0.7013913385004534 -0.02762295231849745 0 0 0 0 0 0
59.21974182128906 68.16184997558594 59.746177673339844 0.06048182772828744 0.08062336354697919 0.9949079463774612 0.8846162166980652 -0.46604485720257044 -0.016010628652166316 0 0 0 0 0 0
59.726417541503906 68.18798065185547 59.906856536865234 -0.3978708703191824 -0.5502863125397283 0.7340870144491627 0.8696409368109723 -0.4811167752933289 0.11068554356321007 0 0 0 0 0 0
60.18402099609375 68.05760192871094 60.226470947265625 -0.6048010375407606 -0.7431219282735366 0.28633111027033015 0.7962799637649689 -0.5586875083061872 0.2319622541903839 0 0 0 0 0 0
60.44788360595703 67.81523895263672 60.64032745361328 -0.5113162611840758 -0.7555495021741567 -0.4095126747893427 0.7015845828785902 -0.6421849144297259 0.30883265492165923 0 0 0 0 0 0
67.31622314453125 63.06310272216797 66.42113494873047 -0.4749640329476318 -0.8082513798164342 0.3480501033342055 -0.7240509238032968 0.1341353183883084 -0.6765781374685852 0 0 0 0 0 0
67.08332824707031 62.84649658203125 65.93099212646484 -0.6437497816152247 -0.2199747039011699 0.7329374791303439 -0.746506451719506 -0.030087133990708923 -0.6646975868087516 0 0 0 0 0 0
66.62252807617188 62.52703094482422 65.67195892333984 -0.447365936644922 0.4156278458933914 0.7919073256687493 -0.8366912663953162 0.11828814421947918 -0.5347482021240592 0 0 0 0 0 0
66.12698364257812 62.39591979980469 65.54228973388672 -0.07984199485040028 0.7887877919346161 0.6094580175477401 -0.9645502814413017 0.09314574196925779 -0.24691420640478026 0 0 0 0 0 0
65.66314697265625 62.42010498046875 65.65325927734375 0.09845700154964651 0.9924282651358403 0.07343267260095682 -0.9825113405361302 0.10866155106842637 -0.15120890528437825 0 0 0 0 0 0
65.2104721069336 62.62481689453125 65.77999877929688 0.3510682112127007 0.8031119255309125 -0.48141701896167366 -0.9326383013689279 0.2541865250853167 -0.2560761786748868 0 0 0 0 0 0
64.75552368164062 62.98176574707031 65.8471450805664 0.45726222480565853 0.40843469099809676 -0.7899951651466409 -0.8194626623680655 0.5386352860549172 -0.19583915237045812 0 0 0 0 0 0
64.57884979248047 63.54742431640625 65.8397216796875 0.16580492858231116 -0.17003921986785966 -0.9713883823499972 -0.7891381480344493 0.5678546299529824 -0.23409848901204233 0 0 0 0 0 0
64.30277252197266 63.94347381591797 65.59684753417969 -0.0577357442675181 -0.7230987119015126 -0.6883275649574474 -0.7822667888000567 0.4611393477823628 -0.41881878308799003 0 0 0 0 0 0
64.04640197753906 64.2038803100586 65.23661804199219 -0.174559002315019 -0.9525024056610285 -0.24953621364591275 -0.7488773725880058 0.2929712623253817 -0.5944329401010324 0 0 0 0 0 0
63.92024230957031 64.35376739501953 64.72853088378906 -0.43481702887079626 -0.8435225293596071 0.31528383064588594 -0.7577377157720755 0.15353678458813316 -0.634239710105615 0 0 0 0 0 0
63.646522521972656 64.21182250976562 64.28950500488281 -0.6001423243700127 -0.4239305662396638 0.6783156090696105 -0.7893486667759497 0.17663400521507683 -0.5879873386908184 0 0 0 0 0 0
63.283485412597656 64.02930450439453 63.98970031738281 -0.48588390366690704 0.28409746001368347 0.8265624388823758 -0.8548504545837566 0.04252507025433011 -0.5171289188372751 0 0 0 0 0 0
62.725006103515625 63.921852111816406 63.94662857055664 -0.08531627054350852 0.7440234923678024 0.6626840701158927 -0.8894198339145831 0.24289389647351886 -0.3872142999622651 0 0 0 0 0 0
62.21837615966797 63.88273620605469 64.09623718261719 0.23658196939128007 0.9609002663759348 0.14387372879577745 -0.866893739427013 0.2756278974366182 -0.41536069469428566 0 0 0 0 0 0
61.36717224121094 62.87641906738281 63.6280403137207 -0.3935628465930201 -0.8481609315837171 -0.3545861248225036 -0.5547009603686884 -0.08848615892629975 0.8273312784154389 0 0 0 0 0 0
60.875770568847656 62.843589782714844 63.8560905456543 0.327416739228971 -0.9445608621750613 0.02455720912019691 -0.512668693924773 -0.1557566853085078 0.8443403728658094 0 0 0 0 0 0
60.44671630859375 62.67017364501953 64.13678741455078 0.7811372620715687 -0.6019986879304305 0.16559636932425062 -0.4196646122036962 -0.30986271910161 0.8531510467524951 0 0 0 0 0 0
60.26268768310547 62.35755157470703 64.55807495117188 0.9873946441558188 -0.02815242031320485 0.1557538375864707 -0.15491752636689538 -0.37358717880536824 0.9145672090429484 0 0 0 0 0 0
60.358154296875 61.94793701171875 64.98448944091797 0.8149627617031374 0.5770753470950084 0.05310123174062149 0.13532239052063003 -0.27859923024664124 0.9508261247619152 0 0 0 0 0 0
60.69005584716797 61.74366760253906 65.35741424560547 0.26872459359758033 0.9558996704755437 0.11850279650945891 0.33851237832973513 -0.20890320000241222 0.9174796034497436 0 0 0 0 0 0
60.96253967285156 61.73487854003906 65.77106475830078 -0.25369686101055927 0.9672180905078912 0.011272449053247164 0.21314057460553534 0.044530923322623935 0.9760061948188941 0 0 0 0 0 0
61.324737548828125 61.9761962890625 66.11598205566406 -0.7414440907553762 0.6524090017309608 0.15691766868120494 0.225544365775387 0.02206190477545643 0.9739830652658481 0 0 0 0 0 0
61.51074981689453 62.23956298828125 66.53763580322266 -0.9797776673361269 0.18686137177854417 0.07154404466074504 0.10302829500561517 0.1646300172456148 0.9809597993036944 0 0 0 0 0 0
61.571922302246094 62.63600158691406 66.80870056152344 -0.8354511129711347 -0.4685560486107688 0.2871875121685397 0.21015081982943157 0.21047613572278864 0.9547441695115086 0 0 0 0 0 0
61.42152404785156 62.87097930908203 67.24102020263672 -0.47110234590437305 -0.8705637180358474 0.1420612280778886 -0.007100446166971187 0.16479030624913474 0.9863030663191442 0 0 0 0 0 0
61.13410949707031 63.071807861328125 67.61334991455078 0.26822887940038087 -0.9349196459907891 0.23233278674365634 -0.14993907838383347 0.19771583602355441 0.968724274992071 0 0 0 0 0 0
60.788291931152344 62.97135925292969 67.99301147460938 0.6901791137739259 -0.6879284260462674 0.22451563764634191 -0.2226975529513921 0.09328296856675836 0.9704143896732134 0 0 0 0 0 0
60.534034729003906 62.699256896972656 68.37259674072266 0.9514256927831483 -0.19203227366466336 0.24065069495699815 -0.2784352396506092 -0.20310966252859056 0.9387333392972843 0 0 0 0 0 0
60.52070617675781 62.334625244140625 68.78810119628906 0.8947796281493511 0.41788299098576337 0.1572997866931211 -0.16102399588550273 -0.026585851304288748 0.9865923500917143 0 0 0 0 0 0
60.70075988769531 62.01038360595703 69.23164367675781 0.5297664825239363 0.8436209368869021 0.08747107430620242 0.03551591535451184 -0.12510755174293056 0.9915072971256547 0 0 0 0 0 0
61.02552795410156 61.883995056152344 69.63081359863281 -0.1022138011026288 0.9919068345479027 0.07532045168021667 -0.05125801378503059 -0.08086817978509236 0.9954059239933526 0 0 0 0 0 0
61.32068634033203 62.04307556152344 70.08832550048828 -0.7317946439760622 0.6807919886214087 -0.031604861601593426 -0.1713319993464143 -0.13888714946063357 0.9753746488989039 0 0 0 0 0 0
61.29132843017578 62.32127380371094 70.6279067993164 -0.9703199051906949 0.03604868242113524 -0.2391229267268638 -0.23756498487459363 0.042686911477945635 0.9704332566178925 0 0 0 0 0 0
62.67729187011719 62.31239318847656 71.0503158569336 0.5852999523039333 -0.7422655872732267 0.326290918940361 0.34434029671523647 -0.13677824658664073 -0.9288280095468413 0 0 0 0 0 0
63.094085693359375 62.46380615234375 70.83851623535156 0.09389849243965802 -0.9951180268239442 -0.030383972873527364 0.4698888524552417 0.07120277941734646 -0.8798492089793234 0 0 0 0 0 0
63.391693115234375 62.3883056640625 70.4239501953125 -0.4011287376124723 -0.9141409412909788 0.05866920245808401 0.38852311873921874 -0.22778760622177324 -0.8928396231445519 0 0 0 0 0 0
63.81025695800781 62.038841247558594 70.11042022705078 -0.809315599218015 -0.5867950557944507 0.026073422436893028 0.2222235948448641 -0.34698010362118314 -0.9111649036180326 0 0 0 0 0 0
64.00090789794922 61.6351318359375 69.84963989257812 -0.9747955307805172 0.0967023106404583 -0.20105306833551695 0.14427567593807913 -0.41414017266776054 -0.8987059845774522 0 0 0 0 0 0
63.91380310058594 61.133338928222656 69.60966491699219 -0.7340259801932806 0.4944051406452039 -0.46558502693373816 0.17043634289457166 -0.5295184449791033 -0.8310004027963144 0 0 0 0 0 0
63.737525939941406 60.809410095214844 69.1994857788086 -0.1641388955221114 0.8941187618836808 -0.4166654084806836 0.19360114943824416 -0.3849796960858472 -0.9023908402337867 0 0 0 0 0 0
63.5875244140625 60.64653778076172 68.81609344482422 0.3509775260958973 0.8761325251319209 -0.33046418048189097 -0.06671479072966376 -0.328621238542032 -0.942102551889654 0 0 0 0 0 0
61.7923583984375 63.80254364013672 75.56611633300781 0.7309048920394774 0.6808274975887356 -0.04745479237990683 0.2254532234983676 -0.3064953333760814 -0.9247872483078905 0 0 0 0 0 0
61.772010803222656 63.95314025878906 75.06884002685547 0.9357382184212821 -0.14949838779412772 0.31944360790712567 0.207049976032332 -0.500381944346513 -0.8406831847949703 0 0 0 0 0 0
61.975616455078125 63.76348114013672 74.65470886230469 0.5129821929563084 -0.5841645519119858 0.6289682392610979 0.3447555214683174 -0.5308226722154052 -0.7741904940511769 0 0 0 0 0 0
62.37471008300781 63.73793029785156 74.30338287353516 0.13668000396609953 -0.810619616042315 0.5693982917108524 0.4493168572776568 -0.4615359916148188 -0.76491757085993 0 0 0 0 0 0
62.857765197753906 63.550010681152344 74.16954040527344 -0.6551193599396627 -0.7435526058050167 0.1339706931862928 0.41780563602634796 -0.5042807382378293 -0.7557376446538369 0 0 0 0 0 0
63.12239074707031 63.112953186035156 73.97203063964844 -0.9688965250071471 -0.12390156751144588 -0.21421467129326485 0.24510807547086538 -0.36126843533414776 -0.8996705780285278 0 0 0 0 0 0
63.1602783203125 62.640403747558594 73.57691192626953 -0.9031765311289829 0.37149399285780477 -0.21509153141949297 0.030683910847605203 -0.44391302567690194 -0.8955443725742878 0 0 0 0 0 0
62.942779541015625 62.23662567138672 73.3385238647461 -0.25852333494748664 0.8493275477258841 -0.46022646812364654 -0.01712350767250843 -0.4803766956751588 -0.8768950996197923 0 0 0 0 0 0
62.73789978027344 62.003089904785156 72.94923400878906 0.12798245310034623 0.9082367290212051 -0.39840498962146526 -0.0855535456123168 -0.3901008557389757 -0.9167889141917458 0 0 0 0 0 0
62.44548034667969 61.92658233642578 72.55018615722656 0.6664421116728284 0.6401781012617501 -0.38213467580679195 -0.070194408739184 -0.45639553292485047 -0.8870038683726233 0 0 0 0 0 0
62.323158264160156 62.04554748535156 72.05155944824219 0.9807260433184569 0.1826660310367059 -0.06935091248297616 -0.009637286197178177 -0.30928406232043887 -0.9509208650089243 0 0 0 0 0 0
62.391021728515625 62.214942932128906 71.57659912109375 0.8979657177803151 -0.4119896239099133 0.15466777130951329 0.010280613288557828 -0.3317299810112235 -0.9433183601990923 0 0 0 0 0 0
61.11231994628906 62.61168670654297 71.01517486572266 -0.7633924178620609 -0.5736887153821474 -0.29683880169866217 -0.38012910141943074 0.027458359993013087 0.924525772880643 0 0 0 0 0 0
60.77485656738281 62.819190979003906 71.2877426147461 -0.4574195297641872 -0.8726485833446374 -0.17103164554230119 -0.5855693961165712 0.15083990858616203 0.7964645656332694 0 0 0 0 0 0
60.29108428955078 62.92182922363281 71.46704864501953 0.053367288658591465 -0.9841095874298376 0.1693524503215274 -0.696867095499134 0.08476537522634522 0.712173491765411 0 0 0 0 0 0
59.750465393066406 62.81434631347656 71.71712493896484 0.5093554066061131 -0.8232465103888056 0.25064367714701113 -0.5388210663676302 -0.07799739707498912 0.8388016836463651 0 0 0 0 0 0
59.35667419433594 62.539794921875 71.951904296875 0.8473643468786787 -0.18940098060832125 0.49608560973230886 -0.530093383005544 -0.24678871242592687 0.8112313706415026 0 0 0 0 0 0
59.12602233886719 62.23100280761719 72.38446044921875 0.8738566896217111 0.23473871612298153 0.4257607557729092 -0.36163936536081465 -0.2714671702435524 0.891920705500991 0 0 0 0 0 0
59.227806091308594 61.90777587890625 72.7507095336914 0.19704806748491316 0.9279054723718458 0.31648616627404547 -0.2752575017884476 -0.2574691329539589 0.9262521002864822 0 0 0 0 0 0
59.235618591308594 61.85022735595703 73.35821533203125 0.02424230081009345 0.9920269924734622 -0.1236719736055436 -0.39747323368302945 0.12307466588771925 0.9093226353292775 0 0 0 0 0 0
58.81315612792969 62.17426300048828 75.01834869384766 -0.061072733468450394 0.9881499611285066 -0.140818235851833 0.41871313083609735 -0.10270428467481581 -0.9022921610957659 0 0 0 0 0 0
58.591896057128906 62.346435546875 74.48405456542969 0.6628616584854234 0.7425698526214861 0.09593975030016633 0.257414987131355 -0.10568705317264798 -0.9605039152402485 0 0 0 0 0 0
58.60963439941406 62.591026306152344 74.0678482055664 0.9645769773243381 0.05397862106400658 0.25821999009347035 0.25805417320395535 0.010139937781580939 -0.9660772357083097 0 0 0 0 0 0
58.930397033691406 62.90839385986328 73.69127655029297 0.7115153171023993 -0.6762294674176621 0.19094413037508365 0.30784069525186886 0.055711262495871355 -0.9498054335378179 0 0 0 0 0 0
59.283775329589844 63.051788330078125 73.41072845458984 0.03320689823329248 -0.9988200113629107 -0.03543849334718979 0.44290787832641104 0.04649269699948875 -0.8953608437061065 0 0 0 0 0 0
59.72943878173828 62.912017822265625 73.1799545288086 -0.543634178650714 -0.7583260007997714 -0.35972705807846694 0.5446078970425743 0.007411748891299764 -0.8386580378540692 0 0 0 0 0 0
60.160377502441406 62.523902893066406 72.91445922851562 -0.7839266480731004 -0.3369930904660715 -0.5214351996355819 0.4615497496500024 0.24540523137754486 -0.8524952205206513 0 0 0 0 0 0
60.36585235595703 62.20818328857422 72.47953796386719 -0.8544562184091321 0.2983673071247389 -0.42530168217524955 0.45357583877595925 0.029254468119010522 -0.8907374105614735 0 0 0 0 0 0
60.438201904296875 61.948890686035156 72.07848358154297 -0.5393928562678937 0.7758826732716283 -0.3272024204128613 0.35760937247458596 -0.1407221963466303 -0.9232078856756551 0 0 0 0 0 0
60.32942199707031 61.731483459472656 71.64806365966797 -0.07663640435000418 0.9907229345824459 -0.11222712871961787 0.2887573358531747 -0.08568092134334707 -0.9535606853833332 0 0 0 0 0 0
60.21221923828125 61.7799072265625 71.09260559082031 0.4880695719113984 0.8645596762515091 0.11968566820680858 0.38075731618853875 -0.08751564937861353 -0.920524240464498 0 0 0 0 0 0
60.14867401123047 61.977760314941406 70.61127471923828 0.7936724206675594 0.5050885432144778 0.339071750792031 0.25438457123920893 0.23074879792733252 -0.9391717000477255 0 0 0 0 0 0
60.150634765625 62.40007781982422 70.28520965576172 0.9408450114120629 -0.19502788009991168 0.2770826419766667 0.32830984196247387 0.32245207154511385 -0.8878272969597412 0 0 0 0 0 0
60.4033203125 62.80574035644531 70.10755920410156 0.684522953156777 -0.7214118127032886 -0.10484904908333714 0.2678422289054597 0.38265681289409526 -0.8842139469385726 0 0 0 0 0 0
60.83087921142578 63.06305694580078 69.80278778076172 0.18879072553230813 -0.9771989534448113 -0.09716103817554836 0.4145764623835883 0.1690014381136444 -0.8941839132712182 0 0 0 0 0 0
61.29310607910156 63.091796875 69.3177490234375 -0.39598813357161733 -0.9161076082772882 -0.06277139577015522 0.19043636769476294 -0.015058428982392928 -0.9815840430527624 0 0 0 0 0 0
61.5927734375 62.81623077392578 69.0323257446289 -0.8700757082941577 -0.45845057159739516 -0.1810837796116521 0.26647249080107993 -0.12841288973830947 -0.9552499889533238 0 0 0 0 0 0
61.65986633300781 62.414756774902344 68.67093658447266 -0.9427304276967079 0.24549596032218524 -0.2258120328066468 0.1931662824199232 -0.15009454254559254 -0.9696176646669016 0 0 0 0 0 0
61.507171630859375 62.033241271972656 68.2509536743164 -0.5194742802987609 0.8203440176746615 -0.2391279255408689 0.027568105923896725 -0.26361427358242945 -0.9642341594754756 0 0 0 0 0 0
61.23097229003906 61.84026336669922 67.88208770751953 0.036010432940854036 0.9883986469427951 -0.14755122310934685 -0.2477767279535722 -0.1342063738736067 -0.9594765980972748 0 0 0 0 0 0
60.849342346191406 61.87153625488281 67.53985595703125 0.5011377819089184 0.8105866429004042 -0.3030020097208297 -0.39791385379009214 -0.09508450608659483 -0.9124820555299625 0 0 0 0 0 0
60.521263122558594 62.07585144042969 67.11246490478516 0.8555440795484827 0.49833463752899804 -0.14038132706447068 -0.2038663903771902 0.07502529296823299 -0.9761197161668266 0 0 0 0 0 0
60.34698486328125 62.41221618652344 66.65595245361328 0.9904881276776143 -0.07242217255520704 -0.11699699932937582 -0.10926522101748803 0.10282356407158076 -0.988680143498198 0 0 0 0 0 0
60.438453674316406 62.792747497558594 66.30469512939453 0.6838821636580146 -0.7103371786069385 -0.16651209841680287 -0.1610557379019778 0.07561501256774565 -0.9840444193039403 0 0 0 0 0 0
60.642173767089844 62.84320831298828 65.8150405883789 0.20120961106648402 -0.9794400917872742 -0.014553316261610326 0.11035372608963188 0.037427915106491495 -0.99318739737721 0 0 0 0 0 0
60.9830322265625 62.90199279785156 65.37252807617188 -0.21238167996160764 -0.9732554991828426 0.0875657200452394 0.1299863155069686 -0.11695122449010564 -0.9845943168997006 0 0 0 0 0 0
61.33598327636719 62.63423156738281 65.12592315673828 -0.8160770755949897 -0.5412475850549017 -0.20265551648195124 0.1764528018232401 0.1005689013838513 -0.9791579570238775 0 0 0 0 0 0
61.497642517089844 62.32396697998047 64.74846649169922 -0.9880901290226805 -0.02374620616993026 -0.1520329392614571 0.15382894844907632 -0.12794196272208555 -0.9797793163737801 0 0 0 0 0 0
61.47614288330078 62.00556945800781 64.3004379272461 -0.8518685521448645 0.5147870098826745 -0.09651064357192786 0.18049587314515708 0.11556375035514457 -0.9767631541890907 0 0 0 0 0 0
61.34861755371094 61.75550842285156 63.91460418701172 -0.27990474838049867 0.9568832311245558 -0.07763899681654648 0.22056847239375377 -0.01461014784784864 -0.975262063532541 0 0 0 0 0 0
61.334617614746094 61.793617248535156 63.34423828125 -0.5522103482779076 0.8247297409345373 0.12200240027492526 0.09691762038398288 0.20884849513732454 -0.9731337425749768 0 0 0 0 0 0
61.141456604003906 61.77843475341797 62.8856201171875 0.2373674585331388 0.9391893150365839 0.24815342059022918 0.18658523506501848 0.20661824608152105 -0.9604659548583322 0 0 0 0 0 0
60.969154357910156 62.058311462402344 62.45016098022461 0.8165612901294388 0.5258600539316677 0.23811523080460428 0.16339606050237687 0.18507153397384538 -0.9690460539751822 0 0 0 0 0 0
60.993682861328125 62.42609405517578 62.09416580200195 0.9645759056177471 0.027771302101588652 0.2623396216382214 0.21916184936880773 0.46916323170833096 -0.8554846262757966 0 0 0 0 0 0
61.14947509765625 62.80622100830078 61.81922912597656 0.8009927146934905 -0.598222062237091 0.023260164676002185 0.19662267516853055 0.22617402915455476 -0.9540360748659169 0 0 0 0 0 0
61.45947265625 63.01459503173828 61.410640716552734 0.5260075536134806 -0.8392317194500379 0.13786288336783806 0.26928599782643475 0.010586143025672533 -0.9630020690270927 0 0 0 0 0 0
61.834815979003906 63.052337646484375 60.9924201965332 0.056724934071167694 -0.9812803238599073 0.1840413210668114 0.20207537405719922 -0.1692383832869043 -0.9646366739980801 0 0 0 0 0 0
62.20603942871094 62.83271789550781 60.58664321899414 -0.6717422093126997 -0.7301255507677714 0.1252161504908678 0.013334726502377147 -0.18092222334002792 -0.9834070033159252 0 0 0 0 0 0
62.211212158203125 63.77851104736328 60.239112854003906 0.5051948080701814 0.6943007271086278 0.5125667822199982 -0.8220658018075876 0.5679168292536015 0.040966968999230406 0 0 0 0 0 0
61.78816223144531 64.05182647705078 60.54014587402344 0.6781549117947905 0.7338214268652625 -0.04015008196790938 -0.7264751702729327 0.6776198632641496 0.11430287785873476 0 0 0 0 0 0
61.579627990722656 64.3709945678711 60.86948013305664 0.4396032906819947 0.5277795321269297 -0.726772118541597 -0.6728221766105874 0.7295382877069507 0.12281777326837656 0 0 0 0 0 0
61.44635772705078 64.88691711425781 61.03207015991211 0.3092579739737454 0.24446524314922255 -0.9190191784863064 -0.4725587448505069 0.8781386324701691 0.07457060297955792 0 0 0 0 0 0
61.519554138183594 65.38433074951172 61.05496597290039 -0.2259260409598429 -0.11634857322541507 -0.9671713568570057 -0.3927115682515427 0.9194679830511465 -0.01887464715618933 0 0 0 0 0 0
61.591064453125 65.83403778076172 60.8828239440918 -0.6892575543142178 -0.35602516835457254 -0.6310072133651733 -0.38871434293608803 0.916691630050326 -0.09261541443756514 0 0 0 0 0 0
61.500572204589844 66.25293731689453 60.56060028076172 -0.8431344965478872 -0.5288759686969463 -0.09702798805400194 -0.504206750895234 0.8403270352993679 -0.19906286970865827 0 0 0 0 0 0
61.15003967285156 66.55835723876953 60.20761489868164 -0.7077608760910189 -0.5428131288617865 0.4521376443187971 -0.6048286342800978 0.7963022614259209 0.00922125820243409 0 0 0 0 0 0
60.662269592285156 66.77851867675781 59.990970611572266 -0.25772274047999244 -0.2649897893345571 0.9291713515751061 -0.6065004980482056 0.7929704336572923 0.0579226830580603 0 0 0 0 0 0
60.1390380859375 66.88592529296875 60.02024459838867 0.3342058780364177 0.18445982459138202 0.9242732302721006 -0.6653156284393832 0.7407808136426862 0.09273025770043343 0 0 0 0 0 0
59.767066955566406 66.92884826660156 60.233272552490234 0.5838760876804453 0.7054501822471236 0.4017819739640853 -0.8041712290936199 0.570439547502114 0.167054951868061 0 0 0 0 0 0
59.414764404296875 67.17032623291016 60.54495620727539 0.6705323473556951 0.6979792552733411 -0.2514186356611889 -0.6950795139558607 0.7095184818442244 0.11596548279704591 0 0 0 0 0 0
59.27293395996094 67.69908905029297 60.860225677490234 0.4332966276080042 0.4268115788169349 -0.7937795088633405 -0.6886175087223437 0.7249909159873913 0.013931920786331677 0 0 0 0 0 0
59.27040100097656 68.1764907836914 60.96833038330078 -0.06485023274284676 0.01588830702199746 -0.9977685147433614 -0.6588513460270812 0.7502767521693288 0.054769507872057324 0 0 0 0 0 0
59.22193908691406 68.69574737548828 60.81459426879883 -0.331878073108159 -0.33374727145095207 -0.8823093014295271 -0.5496787453937697 0.8285405297476677 -0.10664833532589897 0 0 0 0 0 0
59.13490295410156 69.1306381225586 60.480018615722656 -0.7058144368634822 -0.6273842527158633 -0.32896045379231126 -0.615031688376772 0.7731376633351331 -0.15490053526410882 0 0 0 0 0 0
58.99028015136719 69.35423278808594 60.10651779174805 -0.8581338594731897 -0.39279875312820045 0.3306288232543843 -0.4895264012196152 0.8201456613339758 -0.29618405882833715 0 0 0 0 0 0
58.57807922363281 69.62837982177734 59.85778045654297 -0.6944724178202575 -0.5024196088383247 0.515055916907699 -0.7050555132416693 0.6179902989392388 -0.34782856936214523 0 0 0 0 0 0
58.19908142089844 69.67161560058594 59.55412292480469 -0.4496586935901831 0.1012423476384599 0.887444108844846 -0.6220134982091441 0.6775476645811693 -0.3924644828086061 0 0 0 0 0 0
57.73975372314453 69.79133605957031 59.415504455566406 0.12706811757479744 0.42526429742535027 0.8961048882978603 -0.5747419295087235 0.7678754092002795 -0.28291177142369484 0 0 0 0 0 0
57.274658203125 70.209716796875 59.475502014160156 0.6008946157065438 0.43924587687614264 0.6678238693414557 -0.37875703871201355 0.8921968789604175 -0.24602405329438154 0 0 0 0 0 0
57.014869689941406 70.5899429321289 59.59719467163086 0.9562551306511402 0.29051006073496594 0.03435156059245444 -0.26985598237923936 0.9213537867798789 -0.2797944752144208 0 0 0 0 0 0
56.88731384277344 71.10157012939453 59.675846099853516 0.8763595511063652 0.09893520636374693 -0.4713870618996803 -0.25738888606286464 0.9234137926818741 -0.2847067417821274 0 0 0 0 0 0
56.983726501464844 71.55526733398438 59.748619079589844 0.3907782000817747 -0.2049830786938126 -0.8973707905821621 -0.3433204945792326 0.8720839785524145 -0.34871273615120973 0 0 0 0 0 0
57.1956787109375 72.10449981689453 59.66300964355469 -0.14784006254313986 -0.261557318752945 -0.9537982411988455 -0.20227979590009867 0.9520058875243839 -0.229712155293369 0 0 0 0 0 0
57.49401092529297 72.43871307373047 59.49390411376953 -0.8108817337705666 -0.15733554645230757 -0.5636633211943047 -0.22928660438751916 0.9715903870865749 0.058649576037689964 0 0 0 0 0 0
60.90587615966797 59.265892028808594 50.185096740722656 0.7157676241040467 0.5318237179335714 0.4525927985814194 -0.651461193660347 0.2750573727217917 0.7070655944578419 0 0 0 0 0 0
60.82804870605469 59.26652526855469 50.63435363769531 0.14837076682609773 0.9643241547706228 -0.21923740574400058 -0.5588102530370187 0.26465842028534176 0.7859306723068968 0 0 0 0 0 0
60.900352478027344 59.490394592285156 51.02663040161133 -0.695911299064398 0.4902430554144664 -0.5247563343613783 -0.34288613443728555 0.41521621988591334 0.8426295684073215 0 0 0 0 0 0
60.764869689941406 59.840911865234375 51.32469177246094 -0.854642095786343 -0.1298137409373739 -0.5027278396645362 -0.5167821078860818 0.30634458538836123 0.7994305773311722 0 0 0 0 0 0
60.413307189941406 60.047088623046875 51.57986831665039 -0.29243425567476444 -0.9495720987978182 -0.1131151417479253 -0.33783147284043546 -0.008074486176341888 0.9411719814313696 0 0 0 0 0 0
60.064979553222656 60.01201629638672 51.93415069580078 0.2713373218662848 -0.9580156757134649 -0.09263920795055147 -0.10144248555682345 -0.12417924060408253 0.9870607571608989 0 0 0 0 0 0
59.65904235839844 59.78094482421875 52.25637435913086 0.8300566617326296 -0.5576308408376838 0.007333734378919462 -0.08820861529525958 -0.1182945645618995 0.9890528985766149 0 0 0 0 0 0
59.5802001953125 59.37841033935547 52.704933166503906 0.9883499074386923 0.015888213996997774 -0.1513671864107735 0.15219545247442495 -0.0966229832850955 0.9836160548441619 0 0 0 0 0 0
59.80021667480469 59.055145263671875 53.11797332763672 0.6810398699867385 0.6947537462686089 -0.23130483681535813 0.26779844091813604 0.057682664066405355 0.9617466949815933 0 0 0 0 0 0
60.12926483154297 59.05006408691406 53.638545989990234 0.3477683769853418 0.8592642671633658 -0.3751294111972363 0.32426092265104506 0.26518480878633616 0.9080373732564356 0 0 0 0 0 0
60.52362823486328 59.12098693847656 53.91360855102539 -0.2954488860233828 0.940515466095094 -0.1677516431617593 0.5416709351469955 0.309550545241812 0.7815184309774635 0 0 0 0 0 0
60.93940734863281 59.46924591064453 54.0460205078125 -0.794959840476824 0.5960053047150794 0.11321010900333954 0.470280648514782 0.4875359097112517 0.735625481053055 0 0 0 0 0 0
61.21186065673828 59.84784698486328 54.20669174194336 -0.9057326917038993 0.13324591118081666 0.40236030909174314 0.41465653832875676 0.4751994714789147 0.7760447264992996 0 0 0 0 0 0
62.52320098876953 60.120643615722656 54.219722747802734 0.9214962512879743 -0.32068214503145553 0.21910641414672252 0.2590614263029674 0.08719526924851148 -0.9619169207486433 0 0 0 0 0 0
62.747589111328125 60.317970275878906 53.76295471191406 0.5334426923380122 -0.7895543130180395 0.30338569640934737 0.4213846660536294 -0.06293072766368037 -0.9046959084303362 0 0 0 0 0 0
63.165069580078125 60.284889221191406 53.44160079956055 0.011777854434689908 -0.9801463703479272 0.19792517484822217 0.41834496289565526 -0.17495287620164074 -0.8912794080021181 0 0 0 0 0 0
63.607887268066406 60.068275451660156 53.119285583496094 -0.6427688696309463 -0.7495902484160355 0.1579956952354766 0.22682997279975947 -0.38322753108112056 -0.8953685402453726 0 0 0 0 0 0
63.90113067626953 59.634368896484375 52.80146026611328 -0.9882390490925917 -0.14581733054722582 -0.04605309935987923 0.08450553099725176 -0.26976963560446904 -0.9592096532753956 0 0 0 0 0 0
63.890869140625 59.202919006347656 52.485408782958984 -0.9575633020772181 0.27891378422371266 -0.07266101764345438 -0.012018666213151924 -0.29052061774463445 -0.9567932495203615 0 0 0 0 0 0
63.754981994628906 58.819114685058594 52.16367721557617 -0.5954226943381224 0.7816073225364594 -0.18590806444185728 -0.10040136998923578 -0.3019736234826053 -0.9480145018010381 0 0 0 0 0 0
63.30504608154297 58.62849426269531 51.86530685424805 0.003042213877090116 0.9650779796426688 -0.2619451052101386 -0.2035123297089966 -0.2558668416007402 -0.9450475601924373 0 0 0 0 0 0
63.02924346923828 58.63990020751953 51.41331481933594 0.7542106210001188 0.6518995145552087 -0.0786979167024048 0.16395540122182667 -0.30301691294745364 -0.9387754667000971 0 0 0 0 0 0
64.27172088623047 59.11466979980469 49.65914535522461 0.7216867902511394 0.5714251803561035 0.3906935372283536 -0.5482399144361494 0.1272554427610455 0.8265827535744584 0 0 0 0 0 0
64.22636413574219 58.90850830078125 50.09047317504883 -0.0038528925160533746 0.9951525452107365 0.09826783288468804 -0.5976319297099159 -0.08108000188203697 0.7976603975916137 0 0 0 0 0 0
64.13842010498047 59.008338928222656 50.59431457519531 -0.6476641069200736 0.6838849261873966 -0.3359056598824778 -0.5091008741840756 -0.06042448266023134 0.8585832410432047 0 0 0 0 0 0
63.98262023925781 59.208465576171875 50.99372863769531 -0.9340686347083524 -0.16384157420862427 -0.31728807764382594 -0.342370499944982 0.15839358820461089 0.9261176555832912 0 0 0 0 0 0
63.72138214111328 59.52717590332031 51.26791000366211 -0.6102302934939169 -0.7922207711025627 -0.002288828518895089 -0.27421552016837814 0.20850991370013267 0.9387914914332943 0 0 0 0 0 0
63.32355499267578 59.80845642089844 51.481380462646484 0.040635396304184376 -0.9177057466209018 0.39517708332616575 -0.13844716600737098 0.3865172318027743 0.9118315698329644 0 0 0 0 0 0
63.07188415527344 59.82389831542969 51.91307830810547 0.5681836141016321 -0.7921516595065035 0.2228522582508424 -0.17936036682477793 0.14508762392785687 0.9730259195907629 0 0 0 0 0 0
62.81415557861328 59.66007995605469 52.3472900390625 0.9095493963761272 -0.398846370096803 0.11679669778048746 -0.11007463347256399 0.03980359819821823 0.9931259983689661 0 0 0 0 0 0
62.74073028564453 59.36034393310547 52.82591247558594 0.9918596850917231 0.12620929072443235 -0.016899113130096278 0.018072721110722067 -0.008159566073545028 0.9998033797868188 0 0 0 0 0 0
62.85596466064453 59.09397888183594 53.304691314697266 0.6126099680827325 0.7754805240780762 -0.15277101747800753 0.09213669725997779 0.12190256807100652 0.988256339678991 0 0 0 0 0 0
63.177345275878906 59.063209533691406 53.687870025634766 0.021877381183861008 0.9806674399025402 -0.19445501409717783 -0.035545728384352236 0.19514157056643078 0.9801307405803028 0 0 0 0 0 0
63.42372131347656 59.29425811767578 54.13393783569336 -0.5568000115189521 0.7710991133232232 -0.3088363718939752 0.06399277970711416 0.4105179910132582 0.9096042563663581 0 0 0 0 0 0
63.594444274902344 59.72344970703125 54.44641876220703 -0.9289633583425533 0.2821918485289465 -0.2395722009765348 -0.09711172375192423 0.4387401247715923 0.8933512276956572 0 0 0 0 0 0
63.671180725097656 60.12767791748047 54.76066970825195 -0.9740500261884267 -0.22607703301274606 -0.010757398685496395 -0.0796061225368248 0.29771493926148224 0.9513299533785237 0 0 0 0 0 0
63.54016876220703 60.5533447265625 55.08865737915039 -0.7618752484987806 -0.6476435525429626 0.010194830771144558 -0.16957033270254146 0.2146203544766195 0.9618648583410665 0 0 0 0 0 0
63.27879333496094 60.741546630859375 55.45309066772461 -0.05491271484417085 -0.9950855318288425 0.08239768257270513 -0.04393584898596651 0.08485030829064168 0.9954245658797384 0 0 0 0 0 0
63.026824951171875 60.74200439453125 55.997825622558594 0.36506718921602177 -0.9280030838096303 -0.07440580486581509 -0.19363678818903046 -0.15386228928282258 0.9689330163620629 0 0 0 0 0 0
62.737220764160156 60.419403076171875 56.387237548828125 0.8298502928919802 -0.557575931141658 0.021390941975690813 -0.11135218641621913 -0.12791903747151942 0.9855137799303914 0 0 0 0 0 0
62.584205627441406 60.036354064941406 56.796112060546875 0.9825202880134178 -0.1614566219467815 -0.09265874417217537 0.05625093013406062 -0.21698226543321042 0.9745535025572096 0 0 0 0 0 0
62.68397521972656 59.658668518066406 57.157691955566406 0.8115935552111999 0.5779058806924431 0.08567785128454583 0.0884011116528959 -0.2664419792063698 0.9597884741833093 0 0 0 0 0 0
62.95069122314453 59.44044494628906 57.65902328491211 0.4271423273630615 0.9041810278705008 0.002470023058943779 0.17893718437780815 -0.08720846326175745 0.9799878407319476 0 0 0 0 0 0
63.321632385253906 59.405128479003906 58.08877944946289 -0.12620926039778688 0.9906768905940835 -0.05128860529086428 0.2657609184379726 0.08357874836280024 0.9604091456525773 0 0 0 0 0 0
63.66661834716797 59.60331726074219 58.45136260986328 -0.6365154076721621 0.7702576478314933 0.03938644123345963 0.27684476693315596 0.18051461796587823 0.9438068911182838 0 0 0 0 0 0
63.90498352050781 59.937705993652344 58.7341194152832 -0.9738468030440017 0.145969731845385 0.17411272666282465 0.2142519210974983 0.3349284898779706 0.9175614535136563 0 0 0 0 0 0
63.99000549316406 60.29608917236328 59.046897888183594 -0.8983084188700613 -0.27152860875915263 0.3454188750090092 0.18779292819414642 0.4734620665840597 0.8605623089737429 0 0 0 0 0 0
63.89424133300781 60.664886474609375 59.49547576904297 -0.6939396514639535 -0.6958756062395625 0.1849456697703628 -0.03780117064659045 0.2917119288272912 0.9557589769798706 0 0 0 0 0 0
63.572654724121094 60.88079833984375 59.83318328857422 -0.047368948503970124 -0.9351338060207961 0.3511138669359106 0.1381061390514737 0.34200113500563856 0.9294955180156331 0 0 0 0 0 0
63.37579345703125 60.98689270019531 60.277366638183594 0.3417796250973136 -0.9293796535795358 0.13942792898383627 0.1753651387247978 0.20882743522154165 0.9621009148830624 0 0 0 0 0 0
63.199554443359375 60.79902648925781 60.75847244262695 0.8646685843710497 -0.5018619738597518 -0.021972673832716404 0.027141712057495927 0.0029970500471929685 0.9996271030527347 0 0 0 0 0 0
63.200401306152344 60.65174865722656 61.330238342285156 0.9605552948526822 -0.16683665102761908 -0.22248383627662774 0.22101588511439238 -0.027555416434473144 0.9748808530031887 0 0 0 0 0 0
63.354942321777344 60.38002014160156 61.79054641723633 0.8608296281062582 0.4599788910620075 -0.2176965115747314 0.30422120654615414 -0.122219845639 0.9447284090253565 0 0 0 0 0 0
63.64531707763672 60.15843963623047 62.13077163696289 0.3988070836468176 0.9078397226236348 -0.129537438834347 0.2549827671204114 0.02590958272515938 0.966598407817138 0 0 0 0 0 0
64.04907989501953 60.198486328125 62.48839569091797 -0.24197701039414096 0.9702159451163653 0.01132017149481123 0.3912221614183304 0.08688311947669569 0.9161858675864676 0 0 0 0 0 0
64.45675659179688 60.44733428955078 62.87530517578125 -0.7178328274906196 0.6961462079913016 -0.009822875147008612 0.14527307640326326 0.1635672524246762 0.9757773758427554 0 0 0 0 0 0
64.65115356445312 60.765289306640625 63.30742645263672 -0.9751502707589108 0.2034757870448707 -0.08763306182767702 -0.021863990059387786 0.30523650369245703 0.9520255473212302 0 0 0 0 0 0
64.59992218017578 61.141807556152344 63.654197692871094 -0.8805718275624502 -0.4721293228421455 0.041075041277443554 -0.12232347017581993 0.31016777747086205 0.9427793583139861 0 0 0 0 0 0
64.36660766601562 61.43836975097656 64.05818176269531 -0.5835466537058445 -0.8115294336289024 0.029887811941724407 -0.17506306445420738 0.16165081331347575 0.9711961377698091 0 0 0 0 0 0
64.03095245361328 61.550331115722656 64.44357299804688 -0.0036239661831225837 -0.9966479208773914 0.08172997418252774 -0.20011848015140993 0.08080002114465025 0.9764343042339888 0 0 0 0 0 0
64.29413604736328 63.019744873046875 64.7375717163086 -0.06402971866120877 0.8333209437915434 0.5490686658028647 0.9891468066996726 -0.019915129005952704 0.1455746627422404 0 0 0 0 0 0
64.78897094726562 63.19428253173828 64.66193389892578 -0.22060426631810623 0.21518738825876488 0.9513296724146796 0.9668399993048203 -0.08041745775377031 0.242391105927333 0 0 0 0 0 0
65.24082946777344 63.470115661621094 64.90707397460938 -0.40134871412547396 -0.4037519998388001 0.82213352461507 0.8847953271511365 0.06111834015526998 0.4619543024457919 0 0 0 0 0 0
65.5656967163086 63.654624938964844 65.29197692871094 -0.2676969868751343 -0.8986111964836625 0.34761507558242416 0.9464005640419899 -0.17756077443456153 0.2698113114070688 0 0 0 0 0 0
65.85237884521484 63.61090087890625 65.77445220947266 -0.22088915653540298 -0.954643223707232 -0.19966045165465834 0.8391153162000005 -0.2903599887656959 0.45997452434081393 0 0 0 0 0 0
66.01449584960938 63.38136291503906 66.24885559082031 -0.013465774998212337 -0.8553246657504732 -0.517917357367504 0.7541498072981546 -0.34879532029272675 0.5564170133039162 0 0 0 0 0 0
66.0704345703125 62.976043701171875 66.67286682128906 0.4767211667735749 -0.2913465560721116 -0.8293697085226598 0.7693157301158022 -0.3182062819582742 0.5539838170187659 0 0 0 0 0 0
66.3748550415039 62.53334045410156 66.86209869384766 0.5092829712322787 0.29647932679804273 -0.8079176096571986 0.8430696359946729 -0.3603895066913024 0.3991904211408508 0 0 0 0 0 0
66.64006805419922 62.137855529785156 66.79093170166016 0.6066264121698279 0.7500957997611326 -0.26336417227608816 0.7858383071759322 -0.515670632465449 0.3413824157562148 0 0 0 0 0 0
67.0775146484375 61.88172149658203 66.6593246459961 0.32611833164066817 0.9157749126835536 0.2345274889375164 0.8645211875740033 -0.3892808606195717 0.3179049036912152 0 0 0 0 0 0
67.56514739990234 61.79280090332031 66.5353775024414 0.2079181866222788 0.7307176999987269 0.6502473918288899 0.936389011325584 -0.3408555365057625 0.08362489283738339 0 0 0 0 0 0
68.14982604980469 61.87635040283203 66.49585723876953 -0.18731963348617384 0.3715875266854331 0.9093041652397771 0.8924419125876732 -0.3224061634847611 0.3155973675490551 0 0 0 0 0 0
68.64794158935547 62.047027587890625 66.5615005493164 -0.36901606772759227 -0.3487408788097016 0.8615143302382741 0.9045083416749573 -0.3479356752478531 0.24658756199419168 0 0 0 0 0 0
69.13346099853516 61.990211486816406 66.79718780517578 -0.6472546476590701 -0.5863915393437588 0.48703838007880823 0.762271929074245 -0.49934396349464766 0.41182169960662035 0 0 0 0 0 0
69.54016876220703 61.78355407714844 67.16895294189453 -0.7167193764324599 -0.6832074956438968 -0.13978860233316917 0.6340638053861417 -0.7218843396795677 0.27721127470692736 0 0 0 0 0 0
69.68487548828125 61.29955291748047 67.50897979736328 -0.6042086864917006 -0.48742196424317846 -0.6303583837320604 0.3960898328212242 -0.870148420019945 0.29318010074431766 0 0 0 0 0 0
69.6948471069336 60.79552459716797 67.74276733398438 -0.1488688277487603 -0.19323383650514936 -0.9697931514267416 0.46784781002524384 -0.8777770315670836 0.10308205230719042 0 0 0 0 0 0
69.62875366210938 60.280479431152344 67.72343444824219 0.31984278075201494 0.15678380689257335 -0.9344086009327456 0.23253318750149607 -0.9690404220612895 -0.08299986217863259 0 0 0 0 0 0
69.66590118408203 59.7308349609375 67.4802017211914 0.5788591163200217 0.4594976760771572 -0.6736349227384931 0.42933707041847596 -0.8740761277700052 -0.22728968922297035 0 0 0 0 0 0
69.6980972290039 59.31592559814453 67.18074798583984 0.8792758925528001 0.47190101428770315 -0.06467872517075306 0.418279557456916 -0.8299515561480202 -0.36908349497251464 0 0 0 0 0 0
69.93881225585938 59.02796173095703 66.71429443359375 0.7978823174360243 0.29779443063034633 0.5241204867284498 0.4539866855677289 -0.868855291546839 -0.197450175179171 0 0 0 0 0 0
70.33181762695312 58.84416198730469 66.44029998779297 0.35144448322254684 -0.049190020744108776 0.9349155668142612 0.6028432947674116 -0.7521459306903678 -0.26618876929707624 0 0 0 0 0 0
70.83799743652344 58.79981231689453 66.33019256591797 0.08972253214761443 -0.30613236415161815 0.9477514668118227 0.8853795720403796 -0.41128834515966484 -0.21666774229086047 0 0 0 0 0 0
71.38610076904297 58.734519958496094 66.56248474121094 -0.3926851687706663 -0.6751064478646654 0.6245235322060387 0.8933481150926714 -0.44132000176156805 0.08465105613954797 0 0 0 0 0 0
71.901123046875 58.504859924316406 66.79423522949219 -0.6609036241818632 -0.7394109637816482 0.1283659853028554 0.7418348031782818 -0.6695447669568507 -0.037295171726866444 0 0 0 0 0 0
72.25276947021484 58.15010070800781 66.89066314697266 -0.7704942682550405 -0.5974210681821067 -0.2223210513610445 0.6093531858108572 -0.7926880296011504 0.018286133249129113 0 0 0 0 0 0
72.52261352539062 56.44794464111328 66.53021240234375 -0.3583710323856092 -0.28772297746218073 -0.8881360770665552 -0.8500231817461557 0.4939450469971051 0.18297235048271604 0 0 0 0 0 0
72.28042602539062 56.799156188964844 66.42872619628906 -0.6190894182605807 -0.6825089855696087 -0.38847107590465363 -0.717049486418202 0.6929967900635421 -0.07480296109793903 0 0 0 0 0 0
72.01190185546875 57.07550048828125 66.20945739746094 -0.5324736463517801 -0.5068389226817298 0.6779278150331812 -0.6116189712339127 0.7840482062727205 0.1057858415256974 0 0 0 0 0 0
71.5257568359375 57.3675537109375 66.11846923828125 0.23155405564742407 -0.24223529709409272 0.9421808638233777 -0.4512429444472636 0.8312658010684635 0.3246181958248328 0 0 0 0 0 0
71.1868667602539 57.508056640625 66.44558715820312 0.7925028133871121 0.2647779556062549 0.5493923233887456 -0.4918297896965548 0.8101402990288482 0.3190237512419587 0 0 0 0 0 0
71.042236328125 57.651702880859375 66.9076919555664 0.7449006769738522 0.6613582750394672 -0.08791025810858004 -0.5536809194882585 0.6863098147016734 0.47161030272757104 0 0 0 0 0 0
71.04033660888672 57.916725158691406 67.32671356201172 0.2101715381078009 0.6756617266476758 -0.7066181116507578 -0.5554751575212624 0.6772961876276954 0.48240773584356883 0 0 0 0 0 0
70.7828369140625 58.37348937988281 67.53219604492188 0.023594070736321148 0.3037474344995265 -0.9524604012036645 -0.4787730495273043 0.8397985214196927 0.255958610848753 0 0 0 0 0 0
70.748779296875 58.869178771972656 67.57044982910156 -0.3630829576275671 -0.05743027870438141 -0.9299852305108697 -0.2359342021950158 0.9712375519471413 0.032135182002368395 0 0 0 0 0 0
70.8675765991211 59.35511016845703 67.40603637695312 -0.7406097907062621 -0.24839582024691986 -0.6243369718300259 -0.3270268993101919 0.9449390742804455 0.011981361591091474 0 0 0 0 0 0
70.77214050292969 59.753623962402344 67.07438659667969 -0.9494055973535714 -0.30069469708853774 0.09061849069886728 -0.3053716588192996 0.9512703210953445 -0.04281268729138109 0 0 0 0 0 0
70.42656707763672 60.23658752441406 66.79524993896484 -0.7435501733934474 -0.4373600152864518 0.5058155362137555 -0.5103365445165039 0.8599492182365511 -0.006629734934301829 0 0 0 0 0 0
70.03005981445312 60.49407196044922 66.58042907714844 -0.3145798523401102 -0.16208692082618423 0.9352899799520793 -0.5386650848374881 0.8417803446724023 -0.03529557621336601 0 0 0 0 0 0
70.68421173095703 60.755760192871094 65.15055847167969 0.3810730225785704 0.7970699504747925 -0.46846861742591056 0.9178106613241014 -0.26509226698008237 0.2955497926698245 0 0 0 0 0 0
71.17984771728516 60.53181457519531 65.0646743774414 0.13509755898923878 0.9908298735525872 0.002193451826028866 0.9640899000730632 -0.13196182513571333 0.23047069506547457 0 0 0 0 0 0
71.72319793701172 60.57774353027344 64.96617126464844 -0.14890595433081505 0.8164555246682296 0.5578775788679402 0.9011809533272249 -0.12019498737110618 0.4164445393700029 0 0 0 0 0 0
72.27742767333984 60.63910675048828 65.10740661621094 -0.5210139079211689 0.5858450059232209 0.6207496570982003 0.8157398820976312 0.12771287923366006 0.5641434792968821 0 0 0 0 0 0
72.6325454711914 60.94572448730469 65.2090072631836 -0.5087885572817067 0.038948312426213494 0.8600100190918415 0.8435618062507364 0.22198717638862284 0.489004266396523 0 0 0 0 0 0
72.86312866210938 61.347259521484375 65.341064453125 -0.28533573631748377 -0.4602755340115989 0.8406723204498272 0.7213576110296912 0.4743933437767325 0.5045732378851141 0 0 0 0 0 0
73.07222747802734 61.64452362060547 65.76298522949219 0.017528688794269442 -0.9348761181309276 0.3545410960912736 0.7504747007945711 0.24660740535289388 0.6131659735278959 0 0 0 0 0 0
73.18045043945312 61.702720642089844 66.26567840576172 0.5186075724845464 -0.8389846006207334 -0.16477568292364825 0.6740526652197651 0.2826185491655455 0.6824805932608586 0 0 0 0 0 0
73.37464141845703 61.61077880859375 66.73785400390625 0.6290985268739914 -0.48446480255281144 -0.6078888866992384 0.7544557867808313 0.19224854882082432 0.6275643084730074 0 0 0 0 0 0
74.98875427246094 61.735443115234375 67.4389419555664 0.023040341035422088 -0.9995273774514027 0.02035102970595643 -0.480002695028035 -0.028916678003231902 -0.8767903047474243 0 0 0 0 0 0
75.03565979003906 61.624755859375 66.86600494384766 -0.6362576629046824 -0.6095927485590759 0.4728349260569302 -0.5784519991855058 -0.028573177987223607 -0.8152158353086636 0 0 0 0 0 0
74.5947036743164 61.62174987792969 66.43087768554688 -0.28216874951743875 -0.6105327613933497 0.7400206375913957 -0.8576477441763259 -0.18513123559720787 -0.4797569931908345 0 0 0 0 0 0
74.45211029052734 61.22523498535156 66.17676544189453 -0.6194120922991009 0.06423956664706303 0.7824333441198988 -0.7169893913989278 -0.4522436735311972 -0.5304732532111333 0 0 0 0 0 0
74.06686401367188 60.890357971191406 66.16165924072266 -0.5726843990451531 0.691512835549776 0.44027556979714466 -0.8182671841957249 -0.5147615135436124 -0.25585034579356974 0 0 0 0 0 0
73.60333251953125 60.61375427246094 66.19857025146484 -0.29495192497612854 0.9552559013566636 0.022125209064427647 -0.9027538135039023 -0.27100376523215625 -0.33405465336402074 0 0 0 0 0 0
73.04302978515625 60.56690979003906 66.25707244873047 0.03810920311640536 0.9232231023240082 -0.38236996740469376 -0.9716097235616603 -0.05517907805175886 -0.2300648048394015 0 0 0 0 0 0
72.46946716308594 60.65428161621094 66.36262512207031 0.2899552579596193 0.6228068042465102 -0.7266619798543335 -0.9448558804796986 0.0655180327656515 -0.32086562998465956 0 0 0 0 0 0
71.99618530273438 60.96080780029297 66.22259521484375 0.44437676723838626 -0.044327049835265246 -0.8947426453409176 -0.8909568543706927 0.08227325508881168 -0.4465724970785504 0 0 0 0 0 0
71.67890930175781 61.31744384765625 65.90924072265625 0.5332169728967661 -0.38314717955180416 -0.7542399476402103 -0.7667092475233377 0.15793887542836924 -0.6222638036963258 0 0 0 0 0 0
71.54608154296875 61.598182678222656 65.54517364501953 0.154266021827109 -0.8701877737163939 -0.46794789558683136 -0.8548026214450235 0.11997148533870292 -0.5048953565604872 0 0 0 0 0 0
71.38235473632812 61.689064025878906 65.04607391357422 -0.170918865781499 -0.9852678195300874 0.005836533079917275 -0.7213263636912574 0.12109214346183375 -0.6819273933753993 0 0 0 0 0 0
71.15343475341797 61.67402648925781 64.53083801269531 -0.40819257862191205 -0.7153145309124606 0.5671895103256763 -0.8570487456717937 0.08630278209300675 -0.5079559797319173 0 0 0 0 0 0
70.81452941894531 61.41838836669922 64.20075225830078 -0.5176908765986101 -0.21814275129534683 0.8272906963962905 -0.8378848217878868 -0.06630801741939839 -0.5418046439847023 0 0 0 0 0 0
70.31182861328125 61.15065002441406 64.09928131103516 -0.31150675559752206 0.27704112325826646 0.9089619118757967 -0.9498211849215743 -0.06224849300340774 -0.30653685225920463 0 0 0 0 0 0
69.82855224609375 60.86443328857422 64.06363677978516 -0.08598290701590697 0.8375894806336598 0.5394912433329477 -0.9414847569050527 0.10882266045650942 -0.3190048292527889 0 0 0 0 0 0
69.29334259033203 60.800697326660156 64.23751068115234 0.17763272757371024 0.9839514138671739 0.01691831089422109 -0.935054229958173 0.17411490980609087 -0.3088002351368037 0 0 0 0 0 0
68.83666229248047 61.00511169433594 64.3511962890625 0.38388991805139183 0.7613711804429601 -0.5224389499351951 -0.9153123743685697 0.23914790849613451 -0.32405483361569515 0 0 0 0 0 0
68.36448669433594 61.20567321777344 64.38521575927734 0.49228798928269074 0.431748582929213 -0.7558079761067765 -0.8584651195916702 0.38431624935073405 -0.33961545743597116 0 0 0 0 0 0
68.17110443115234 61.721527099609375 64.14430236816406 0.4617161211614516 -0.2528786026504121 -0.8502179930942408 -0.7758418689081824 0.34950340941911223 -0.5252777943654913 0 0 0 0 0 0
68.04602813720703 62.140380859375 63.88346862792969 0.056285840658930754 -0.7436559272961881 -0.6661889866536103 -0.6895695373634181 0.45358118302900735 -0.5645865421194592 0 0 0 0 0 0
67.88113403320312 62.42749786376953 63.436485290527344 -0.3159521674154161 -0.9250064752879827 -0.21103850023349663 -0.6908825175256613 0.3767587770341703 -0.6170366041857815 0 0 0 0 0 0
67.73726654052734 62.510475158691406 62.98126220703125 -0.5811125846949554 -0.7506570021089921 0.3143600310056752 -0.7411188377432615 0.32853376797549105 -0.5854984471729225 0 0 0 0 0 0
67.50287628173828 62.39209747314453 62.547508239746094 -0.6473788490450146 -0.27401209585400194 0.7112088280771334 -0.7596140643050379 0.15563110470256522 -0.6314787665147902 0 0 0 0 0 0
67.0988998413086 62.20655059814453 62.27211380004883 -0.564065100068283 0.13187522746667935 0.8151315766583757 -0.8215771557302581 0.009252233749906162 -0.5700222568924975 0 0 0 0 0 0
66.57212829589844 62.01392364501953 62.090457916259766 -0.23168349422127044 0.6220187794141823 0.7479407707576273 -0.8515873511730863 0.24197350710869436 -0.46502452105187486 0 0 0 0 0 0
66.06648254394531 62.00434112548828 62.16464614868164 0.1577375112453077 0.9607301622038873 0.2282902384637349 -0.9505559546926536 0.2103543294391428 -0.22846100998758273 0 0 0 0 0 0
65.5946273803711 62.17693328857422 62.349979400634766 0.4250656861800921 0.8567307050093053 -0.2921158358023513 -0.90502661468889 0.4078535457594408 -0.12075724374222464 0 0 0 0 0 0
65.26140594482422 62.468902587890625 62.53932571411133 0.30908726547057547 0.4656240866811286 -0.8292522367930562 -0.9244038343717993 0.3519857212850678 -0.14691359028403692 0 0 0 0 0 0
64.87555694580078 62.85176086425781 62.54994583129883 0.34486917372531034 0.06458309950964553 -0.9364263325386302 -0.854162833318368 0.4352401833634616 -0.28455550770153537 0 0 0 0 0 0
64.63019561767578 63.30979919433594 62.385894775390625 0.0430293933085409 -0.5272817278433569 -0.8486002891786115 -0.8410584846257059 0.4393217821898112 -0.31562160435033493 0 0 0 0 0 0
64.4052734375 63.66271209716797 62.02982711791992 -0.21549220951139347 -0.8882520974460607 -0.40567390724887836 -0.8086819915005845 0.39518962474182723 -0.43572766393592977 0 0 0 0 0 0
64.15357971191406 63.800048828125 61.60302734375 -0.32615246034793544 -0.9452699377101568 0.009450792052772047 -0.79715543570078 0.269646501713882 -0.5402166004911042 0 0 0 0 0 0
63.99444580078125 63.78662109375 61.097843170166016 -0.6202328215370105 -0.626050246057854 0.47262282689173946 -0.7458194908586372 0.2839814036201551 -0.6025843090002345 0 0 0 0 0 0
63.65058898925781 63.59577941894531 60.74011993408203 -0.6220659399090336 -0.059871987041591225 0.7806723458486168 -0.7677551850639744 0.24221816074809602 -0.5931967113961372 0 0 0 0 0 0
63.238922119140625 63.515045166015625 60.384220123291016 -0.31716408568750726 0.3276831339033211 0.8899610702189762 -0.8232157123995135 0.37080407582092406 -0.4299072321014753 0 0 0 0 0 0
62.73509216308594 63.51087188720703 60.26436233520508 0.13974218092685722 0.7495895325770134 0.6469835048289716 -0.8632452264464989 0.41229919069357274 -0.29123368000758043 0 0 0 0 0 0
62.35479736328125 62.46888732910156 60.16405487060547 -0.9097813800714761 -0.35077861927701875 0.2219283684735877 -0.08603639603015929 -0.3636856084273706 -0.9275400351364652 0 0 0 0 0 0
62.29840850830078 62.08081817626953 59.88225555419922 -0.966803431883233 0.2555101557273475 -0.002384201960728459 -0.054676472795994066 -0.21598232312622695 -0.974865180124712 0 0 0 0 0 0
62.04023742675781 61.747535705566406 59.5147705078125 -0.722004557243269 0.6918876555713949 0.0009441333963000427 -0.24037780813690587 -0.24956107718423035 -0.9380499869995969 0 0 0 0 0 0
61.697662353515625 61.47394561767578 59.16986083984375 -0.1629434172072689 0.9782708496501021 -0.12820135535042232 -0.33710712252291364 -0.17731954009133244 -0.9246169848354074 0 0 0 0 0 0
61.25950622558594 61.484039306640625 58.95269012451172 0.39487943955111465 0.8352874122717463 -0.38257700809140016 -0.461187664854724 -0.17993221538188967 -0.8688672715976888 0 0 0 0 0 0
60.924461364746094 61.50816345214844 58.388675689697266 0.8098194938081775 0.5678730931544319 -0.1473517475956257 -0.23634808930053086 0.08590457076043856 -0.9678636192183551 0 0 0 0 0 0
60.836952209472656 61.94340515136719 58.09368133544922 0.858192445438359 -0.4259300239828421 -0.28651237540899477 -0.35298888934001454 -0.08441986481698956 -0.9318112096485983 0 0 0 0 0 0
60.819732666015625 61.91603088378906 57.55976486206055 0.7826624000149347 -0.6135948093892979 0.10459912759374913 -0.06303432562179873 -0.24531334728260595 -0.9673923895909089 0 0 0 0 0 0
61.18585968017578 61.96308135986328 57.14275360107422 0.1264397444665231 -0.9522177346511136 0.27801866274612164 -0.12654901798596352 -0.29346180813803324 -0.9475576569323603 0 0 0 0 0 0
61.4320068359375 61.70957946777344 56.66610336303711 -0.41980729299775116 -0.7958218761035062 0.43638214704659467 0.003431410852734247 -0.48219009760823284 -0.8760598924663328 0 0 0 0 0 0
61.685646057128906 61.34825134277344 56.38488006591797 -0.9087480367797304 -0.38711197721652657 0.15595295041934024 0.005897298535377691 -0.385552095645131 -0.9226672224662761 0 0 0 0 0 0
61.602333068847656 60.98765563964844 56.030086517333984 -0.9784077118066064 0.042743468081147144 0.20221608594213386 -0.18202535039245726 -0.6416466919719432 -0.7450881119008448 0 0 0 0 0 0
61.41834259033203 60.47984313964844 55.920719146728516 -0.8479218001782947 0.5160085563708742 -0.12150633948254062 -0.2697864788348347 -0.617335326455371 -0.7389941478443129 0 0 0 0 0 0
61.05744934082031 60.086761474609375 55.80769729614258 -0.3730393799891758 0.7772448478657794 -0.5066873468356915 -0.3627121278703983 -0.6248148039800971 -0.6914089766723025 0 0 0 0 0 0
60.64801788330078 59.956390380859375 55.528114318847656 0.28787980983035516 0.7569600565114607 -0.5866316458717554 -0.3983004864026552 -0.4624314416939911 -0.7921577395091367 0 0 0 0 0 0
60.28656768798828 59.92870330810547 55.089778900146484 0.769482558397433 0.36617321855374957 -0.52327217233112 -0.43261876421737044 -0.30387884850697144 -0.8488219190602423 0 0 0 0 0 0
60.0938720703125 60.095848083496094 54.66808319091797 0.9103648070839522 -0.19390242051615283 -0.3655650001586253 -0.3875827103680218 -0.09006187051263441 -0.9174249299553309 0 0 0 0 0 0
60.03728485107422 60.22114562988281 54.20298767089844 0.6586507171170364 -0.7490597406064013 -0.07133538984181964 -0.39987877621573686 -0.2681459213269546 -0.8764671866122106 0 0 0 0 0 0
60.11338806152344 60.242942810058594 53.69272994995117 0.3173844608186436 -0.9221315590587826 0.22122498009645658 -0.2482037523360034 -0.30593304878515826 -0.9191299510881722 0 0 0 0 0 0
60.38673400878906 60.122886657714844 53.194969177246094 -0.02851469266139643 -0.9538975313590355 0.29877485163507983 0.0011185381576590478 -0.2989266528056226 -0.9542754346177087 0 0 0 0 0 0
60.63519287109375 59.820411682128906 52.953224182128906 -0.7741463055640848 -0.6293038140775947 0.06836817365463836 0.124073334831488 -0.25676039841228615 -0.9584779107475341 0 0 0 0 0 0
60.74671173095703 59.48552703857422 52.63913345336914 -0.9980009091898446 -0.0626373172115941 0.008411405874029537 0.015917279689649743 -0.37792022732613983 -0.9257013243941269 0 0 0 0 0 0
60.66345977783203 59.084434509277344 52.29686737060547 -0.8424689333094997 0.5382111922147943 -0.023975174307675824 -0.035074669971857986 -0.09920159345999498 -0.9944489988839867 0 0 0 0 0 0
60.412208557128906 58.840797424316406 51.90708923339844 -0.2957147313266158 0.9535770119113879 -0.05695331448279636 -0.07078860313375909 -0.08133010743616759 -0.9941702003634956 0 0 0 0 0 0
60.10865020751953 58.88819122314453 51.490135192871094 0.282325402257143 0.9572971179087966 0.062246247146749506 -0.25281924628366015 0.13683942716920258 -0.9577877634844614 0 0 0 0 0 0
55.835243225097656 74.39051055908203 61.153343200683594 -0.37805455491662887 0.27780458061453506 0.8831191134248946 -0.2986911404610169 0.8663017052202473 -0.4003810162115444 0 0 0 0 0 0
55.946502685546875 73.7726058959961 61.60531997680664 -0.7550433627616684 -0.24904262081491194 -0.6065371327191698 0.3077138381388102 -0.9514485413760106 0.0076070317038877 0 0 0 0 0 0
55.87364959716797 73.35263061523438 61.82945251464844 -0.06721447449151316 -0.15025982691377432 -0.9863590618201225 0.1473552286036231 -0.9792485982261331 0.13913525604722723 0 0 0 0 0 0
55.73283386230469 72.83460235595703 61.85865783691406 0.7175440976925342 0.06324764029634353 -0.6936354978398604 0.22262209907820754 -0.9644557046097064 0.14235376653888554 0 0 0 0 0 0
55.73521423339844 72.4146499633789 61.721858978271484 0.9800593772458389 0.19851814799398032 0.008611735570645861 0.19457818271472804 -0.967590655838792 0.16095854604490692 0 0 0 0 0 0
55.98497772216797 71.98332977294922 61.53670120239258 0.7137679789421586 0.32726286630029283 0.6192207107144776 0.23229168629656882 -0.9446907743693888 0.23151655080978822 0 0 0 0 0 0
56.36498260498047 71.61953735351562 61.519065856933594 0.017661983807144708 0.3427492969917823 0.9392608656489607 0.3844228589109841 -0.8695250454242326 0.31007299290117446 0 0 0 0 0 0
56.816314697265625 71.31094360351562 61.612648010253906 -0.31126053430296496 0.1798440822319172 0.9331521772313413 0.49840577760132876 -0.805157579406042 0.32142332394930206 0 0 0 0 0 0
57.27488708496094 71.078369140625 61.821529388427734 -0.7147592409722607 -0.012321462071518397 0.6992620460293679 0.4403186535387361 -0.7847329436911437 0.4362495735604413 0 0 0 0 0 0
57.558929443359375 70.91609954833984 62.24431228637695 -0.9354382149444076 -0.28295461052728743 0.21187740418216197 0.35222590903051626 -0.6954528332905702 0.6263244092926166 0 0 0 0 0 0
57.518707275390625 70.7864761352539 62.798892974853516 -0.5937553303497346 -0.6781742539645089 -0.43305229354081426 0.6041973102910928 -0.7312044253960333 0.3166791728520618 0 0 0 0 0 0
57.58689880371094 70.30380249023438 63.09617233276367 -0.42674970248392124 -0.4777521474844578 -0.7678786212702327 0.46119461610968826 -0.8453379300711243 0.26963551334070296 0 0 0 0 0 0
57.532554626464844 69.83258819580078 63.2889518737793 0.11262952728046587 -0.2332699608196609 -0.9658673381804422 0.3994601739210326 -0.8794121280750635 0.2589708061644528 0 0 0 0 0 0
57.418487548828125 69.32388305664062 63.30295944213867 0.6568304166270688 0.06713834150847292 -0.7510434387523819 0.37915666295218603 -0.8903567525386434 0.2520021391730703 0 0 0 0 0 0
57.38605499267578 68.89787292480469 63.115020751953125 0.884943150620916 0.10309332117221423 -0.454144676616174 0.1777212957285181 -0.9761460240213757 0.12471600070494711 0 0 0 0 0 0
57.49333190917969 68.4255599975586 62.90460968017578 0.9211778236558892 0.3321664692514351 0.20272358991897088 0.32424049450023884 -0.943220506455227 0.07213305711382066 0 0 0 0 0 0
57.79930877685547 67.98949432373047 62.661720275878906 0.7563051864722491 0.4508801145722157 0.4740354282102998 0.5793817106721258 -0.7981314763763188 -0.16523613332440076 0 0 0 0 0 0
58.306427001953125 67.85501861572266 62.49318313598633 0.23858984260286503 0.01640317088803773 0.970981886026489 0.70321789266129 -0.6924828737092144 -0.16109644645504403 0 0 0 0 0 0
58.85350799560547 67.8254623413086 62.4727783203125 -0.2964203488552246 -0.3315536274467775 0.89566018607027 0.6629739170098105 -0.7464757888795845 -0.056916447370430334 0 0 0 0 0 0
59.313873291015625 67.63440704345703 62.592655181884766 -0.5927641632857302 -0.6089765816779328 0.5270466484971021 0.7293866758788752 -0.6834131973001375 0.030683526628603703 0 0 0 0 0 0
59.671600341796875 67.42273712158203 62.872406005859375 -0.7275374470734233 -0.6461701350658933 0.23055025407665697 0.6696486806736938 -0.5957497236170832 0.44345564748027566 0 0 0 0 0 0
59.80889129638672 67.23101806640625 63.3819580078125 -0.4832312416400945 -0.808742367348792 -0.33529591461579716 0.5585929250186928 -0.5797080991167533 0.5932221033790815 0 0 0 0 0 0
59.852691650390625 66.87122344970703 63.778648376464844 -0.22243427725822487 -0.5935268255634918 -0.7734655128944893 0.2871450720619987 -0.7980336430727764 0.5298018611844453 0 0 0 0 0 0
59.85203552246094 66.2844467163086 63.97798156738281 0.2634429833016476 -0.09214400900161161 -0.9602641699835721 0.7023329470561913 -0.6640677425966406 0.25640293430841854 0 0 0 0 0 0
60.07334899902344 65.78778076171875 63.96645736694336 0.45692546728180194 0.2824217479563217 -0.8434791483081269 0.6027354988112449 -0.7956748371712561 0.06009552367069682 0 0 0 0 0 0
60.31077575683594 65.35120391845703 63.69820022583008 0.5081038604311946 0.8005034317518228 -0.3178438653937996 0.8049357894827743 -0.5726382569117449 -0.15544710203416948 0 0 0 0 0 0
60.6719970703125 65.13688659667969 63.304412841796875 0.4806031878910538 0.8105422260360492 0.3347265684129104 0.8672488290218212 -0.49589125603168277 -0.044399670624905824 0 0 0 0 0 0
61.237998962402344 65.09793853759766 63.10615539550781 0.07749611970296863 0.42972866771053 0.89962637999267 0.8240477622915814 -0.5355245345925124 0.18482088169822777 0 0 0 0 0 0
61.774208068847656 65.06237030029297 63.172935485839844 -0.3360551088466635 0.07848724518440435 0.9385663088782915 0.8677206239159873 -0.3616959765293261 0.34093538888379854 0 0 0 0 0 0
62.12776184082031 65.14726257324219 63.47008514404297 -0.5670143630766763 -0.5166987047815919 0.6414960331457836 0.8170775712485371 -0.45143055751887085 0.358601023842366 0 0 0 0 0 0
62.42829132080078 65.06796264648438 63.81839370727539 -0.5702482833798527 -0.791370414336893 0.22034010668642534 0.7667228294727553 -0.41645581140734816 0.48857001536150324 0 0 0 0 0 0
62.524749755859375 64.98969268798828 64.26355743408203 -0.25829018751897503 -0.9393202743268706 -0.22575119328567333 0.6287582499388875 -0.34086526123794386 0.6989091048305036 0 0 0 0 0 0
62.665321350097656 64.77308654785156 64.76908111572266 0.05722965902900379 -0.760398205802131 -0.6469307031980505 0.7257883450042855 -0.4132617633828622 0.5499509007008057 0 0 0 0 0 0
62.78693389892578 64.3012924194336 65.02311706542969 0.3456359617006569 -0.27543685251878636 -0.8970341812070523 0.6803038955299207 -0.5848719038744841 0.44171423543400906 0 0 0 0 0 0
62.99864959716797 63.78846740722656 65.1535873413086 0.4393901124561591 0.2762436567491829 -0.8547665009706472 0.7859424237639474 -0.5790120469482648 0.21688604384983395 0 0 0 0 0 0
63.317626953125 63.29029846191406 65.10062408447266 0.5471058650775681 0.7401874670919392 -0.3908934457850955 0.8315797249178215 -0.4272528101550599 0.35486644997830513 0 0 0 0 0 0
63.777740478515625 63.02745819091797 64.9598617553711 0.2024477151652185 0.9667288482602162 0.15636577811611657 0.962929733790878 -0.22557807474292135 0.1479218035879296 0 0 0 0 0 0
63.71746826171875 61.46974182128906 64.9484634399414 0.4305627382321703 -0.8962205167029865 -0.10679191863922749 -0.07298483667180411 -0.15250608891721057 0.9856039298111419 0 0 0 0 0 0
63.414268493652344 61.15595245361328 65.30815887451172 0.9062262854673705 -0.415590939943142 0.07770514889753365 -0.11506755776538638 -0.06558531557272239 0.9911902055262329 0 0 0 0 0 0
63.381065368652344 60.817047119140625 65.72401428222656 0.9811203312488206 0.18976197390296304 -0.037326784895778335 0.04510015018744825 -0.036810292200102096 0.9983040512996092 0 0 0 0 0 0
63.592689514160156 60.48094940185547 66.12387084960938 0.6056006007331862 0.7955654574441725 -0.017986531440178727 0.15711097574593685 -0.09737716100197089 0.9827684517806604 0 0 0 0 0 0
63.80109405517578 60.38616943359375 66.5322036743164 0.20323072206437676 0.9724175196889775 -0.11446152633583527 0.25353239787195014 0.060651198677173626 0.9654236144451417 0 0 0 0 0 0
64.2572021484375 60.480255126953125 66.91910552978516 -0.5261530941035002 0.8502257114424608 0.016708116814132753 0.08471451495355543 0.032854571187033846 0.995863458566635 0 0 0 0 0 0
64.5000991821289 60.70063018798828 67.35543060302734 -0.9144976645047925 0.4025269826827919 0.04081727364201927 0.09798880382696595 0.12247244624447912 0.9876227489458986 0 0 0 0 0 0
64.46283721923828 60.927337646484375 67.85181427001953 -0.9878268120204708 -0.011615657711194353 -0.15512338943373347 -0.15529888559557783 0.13113641780010976 0.9791248623435762 0 0 0 0 0 0
64.3095932006836 61.33024597167969 68.18283081054688 -0.706515745200764 -0.7075457071423665 0.014648347613902778 -0.23890035830789305 0.25793396649038336 0.9361606100081856 0 0 0 0 0 0
63.98474884033203 61.673683166503906 68.4251708984375 -0.3605941512303946 -0.8667382201058735 0.34458194367397366 -0.41818661327277473 0.4804589694040669 0.7708950221649047 0 0 0 0 0 0
63.51580047607422 61.838539123535156 68.66354370117188 0.28653044397941496 -0.8421868366723959 0.4567511760342852 -0.5319731609714908 0.2566421750257167 0.8069320603396979 0 0 0 0 0 0
63.043495178222656 61.796913146972656 69.00603485107422 0.7134155974367855 -0.5237131182338589 0.46557787224446406 -0.385200953948894 0.2619240697941234 0.8848819168337351 0 0 0 0 0 0
62.75304412841797 61.623931884765625 69.53297424316406 0.9558531011642272 0.00047683459934960297 0.2938445535031993 -0.29067441118965154 0.1480373734728084 0.9453006520334268 0 0 0 0 0 0
62.76848602294922 61.44279479980469 70.03766632080078 0.890980861528163 0.4487043171590357 0.06940850202515328 -0.1095021465487349 0.06399837825045257 0.9919241339349153 0 0 0 0 0 0
62.940467834472656 61.258544921875 70.52507019042969 0.4065596557323624 0.9100886197025485 -0.08029913211668718 0.02564614811740698 0.07648784625693503 0.9967406304860436 0 0 0 0 0 0
63.25309753417969 61.29620361328125 70.91307067871094 -0.1986410544392172 0.969315702779876 -0.14480607665298736 0.06359208677225275 0.16018643759088244 0.9850362184772155 0 0 0 0 0 0
63.449188232421875 61.4361572265625 71.4343032836914 -0.6515385187044886 0.6790710016667665 -0.3381717512443269 -0.16635631616316024 0.3070303817167603 0.9370474485187414 0 0 0 0 0 0
63.487953186035156 61.779701232910156 71.81427764892578 -0.9371058143059298 0.2632921915018838 -0.22915041934972705 -0.05210000467449117 0.5436397608451407 0.837700065620838 0 0 0 0 0 0
63.482521057128906 62.2742919921875 71.974365234375 -0.9829579515977407 -0.17597132193227497 0.05317667955204667 -0.07954164660134809 0.6679221903585199 0.739968292619774 0 0 0 0 0 0
63.252166748046875 62.72618865966797 72.15222930908203 -0.6521318683720051 -0.6546591046674465 0.3822897892040215 -0.17606263683439802 0.6212675165399917 0.7635631085923089 0 0 0 0 0 0
62.87848663330078 63.11537170410156 72.50003051757812 -0.1401241620970973 -0.9035543193171841 0.4049133379376953 -0.1750924009943524 0.42511548023649737 0.8880424987450348 0 0 0 0 0 0
62.46276092529297 63.20704650878906 72.86009216308594 0.36457063149848246 -0.8481788956841068 0.3842926171095231 -0.36213687925998955 0.25106288411252864 0.8976771741004307 0 0 0 0 0 0
62.087806701660156 63.10649108886719 73.26220703125 0.8157235939435299 -0.46354195367065193 0.34601138055134334 -0.35838060739361 0.06453675471122157 0.9313422290090421 0 0 0 0 0 0
61.91809844970703 62.870269775390625 73.7374038696289 0.9479352641715065 0.2671056850129334 0.17341651586243864 -0.21516340138512285 0.13571203392681316 0.9671023495741451 0 0 0 0 0 0
62.00762176513672 62.66204071044922 74.26806640625 0.5957284434270209 0.7983163590259804 -0.08830975372811586 -0.328767042134523 0.3426866753005325 0.8800443594374003 0 0 0 0 0 0
56.96971893310547 74.09819030761719 59.12875747680664 -0.2819253316434023 0.7088282998351775 -0.6465914851979796 -0.6681815175995284 -0.6286834140430564 -0.3978575429039375 0 0 0 0 0 0
56.487831115722656 74.01350402832031 59.13469314575195 0.1124188827953402 0.2758401565975924 -0.954606831527652 -0.7621094739772537 -0.5925259332449937 -0.2609639210815607 0 0 0 0 0 0
56.22285461425781 72.65642547607422 59.217472076416016 0.26216452782450306 -0.01728054290352854 -0.9648684590075036 0.810705292929985 -0.5384178974312784 0.22991975935310222 0 0 0 0 0 0
56.38823699951172 72.23139190673828 59.003578186035156 0.704155588986992 0.6764799359283181 -0.2157308572847222 0.7008986765915205 -0.7108369379940249 0.05875281044796139 0 0 0 0 0 0
56.67597198486328 72.0484848022461 58.72320556640625 0.6002854301217906 0.46854383550272577 0.6481697899438786 0.6247311197735037 -0.7807103744378088 -0.014224599527608017 0 0 0 0 0 0
57.16162109375 71.7612533569336 58.56813430786133 0.005054469915652887 0.3419301214260728 0.9397117879410808 0.6227729415891743 -0.7363127590052324 0.2645701875693284 0 0 0 0 0 0
57.61494445800781 71.4309310913086 58.751983642578125 -0.6020942098847796 0.12197524225340277 0.7890529783863987 0.406220899359063 -0.8039942118078013 0.43425555644512637 0 0 0 0 0 0
57.97185516357422 71.27053833007812 59.22101593017578 -0.9129467230383403 -0.06698566575390476 0.4025434156424146 0.2971140620967392 -0.7853031662761659 0.5431594343661941 0 0 0 0 0 0
58.07196044921875 71.0468521118164 59.76129150390625 -0.8428780828388256 -0.4453286297689778 -0.3020578570043009 0.2101127907409209 -0.7891490427024668 0.5771450455204846 0 0 0 0 0 0
58.06957244873047 70.66064453125 60.24712371826172 -0.7316007740236379 -0.32165485969013813 -0.6010810749688694 0.08108147500053078 -0.9164912981018024 0.391751828222169 0 0 0 0 0 0
57.81562042236328 70.34565734863281 60.515411376953125 -0.019149758967508285 -0.48936789425235067 -0.8718671635097324 0.17998919286419018 -0.8594677160831591 0.4784549461160325 0 0 0 0 0 0
57.65623474121094 69.82637023925781 60.58525085449219 0.5191067767445235 -0.1789484045935156 -0.8357664882198536 0.21159828188479748 -0.9204909263307521 0.3285157859923265 0 0 0 0 0 0
57.162506103515625 69.80671691894531 62.07279586791992 0.3063758644249946 0.3780536642450238 0.8736184846079827 -0.6289867800624803 0.7692608423644668 -0.11230933581561196 0 0 0 0 0 0
56.743896484375 70.04641723632812 62.282615661621094 0.7638957303525449 0.5408114741177542 0.3521168309123179 -0.5558319132108487 0.8286062750909122 -0.06680213421988171 0 0 0 0 0 0
56.46009063720703 70.49486541748047 62.47762680053711 0.924559075766538 0.32413832305771345 -0.20031191413158214 -0.3620172294200075 0.911254845615249 -0.19636224674257133 0 0 0 0 0 0
56.328582763671875 70.9483642578125 62.66786575317383 0.7618378969123654 0.07293746226510653 -0.6436483088041717 -0.25674562713819366 0.9462589223794627 -0.19666147249187788 0 0 0 0 0 0
56.40691375732422 71.51206970214844 62.72190856933594 0.3121388167295371 -0.0869563620818796 -0.9460485982147901 -0.2382990644174077 0.9568010961841222 -0.16656895940915906 0 0 0 0 0 0
56.58576202392578 72.02284240722656 62.68673324584961 -0.13652689024220332 -0.3473443976251418 -0.9277458044525024 0.012451965996684586 0.9358392918466725 -0.3522069964931646 0 0 0 0 0 0
56.87732696533203 72.39903259277344 62.258872985839844 -0.74697514605183 -0.3278542447076298 -0.5783940917817512 -0.18316399432320324 0.9377729763973918 -0.29501321313179635 0 0 0 0 0 0
56.920021057128906 72.65938568115234 61.79926300048828 -0.9805612644393815 -0.18051024716308708 0.07691331061761926 -0.19546012743668292 0.9329345846735605 -0.302371293780357 0 0 0 0 0 0
